01 152 0607 3 36315-36555-36795-36922
01 116 0580 3 26563-26803-27043-27143
01 143 0449 2 33621-33903-34070
01 005 0446 2 847-1087-1293
01 122 0444 2 28349-28482-28793
01 148 0427 2 35258-35397-35685
01 146 0411 2 34627-34771-35038
01 025 0396 2 5807-5921-6203
01 038 0372 2 8802-9042-9174
01 132 0369 2 30710-30860-31079
01 117 0360 2 27143-27263-27503
01 016 0354 2 3597-3711-3951
01 081 0353 2 18697-18977-19050
01 061 0351 2 14136-14223-14487
01 134 0345 2 31330-31474-31675
01 082 0342 2 19050-19194-19392
01 032 0341 2 7557-7706-7898
01 110 0340 2 25228-25364-25568
01 068 0339 2 15819-15959-16158
01 046 0337 2 10717-10957-11054
01 145 0327 2 34300-34420-34627
01 090 0327 2 20977-21083-21304
01 087 0318 2 20253-20403-20571
01 109 0315 2 24913-25153-25228
01 024 0310 2 5497-5639-5807

02 095 0474 2 21508-21748-21982
02 113 0469 3 25780-25906-26146-26249
02 139 0452 2 32182-32422-32634
02 117 0436 3 26856-26940-27180-27292
02 128 0401 2 29613-29897-30014
02 041 0392 2 8730-8970-9122
02 092 0388 2 20611-20851-20999
02 127 0376 2 29237-29333-29613
02 133 0367 2 30785-31025-31152
02 112 0366 2 25414-25552-25780
02 046 0360 2 10266-10398-10626
02 091 0354 2 20257-20539-20611
02 045 0353 2 9913-10049-10266
02 044 0352 2 9561-9703-9913
02 054 0345 2 12157-12265-12502
02 021 0342 2 4149-4281-4491
02 100 0341 2 22693-22841-23034
02 089 0326 2 19726-19866-20052
02 038 0323 2 7959-8199-8282
02 136 0307 2 31512-31651-31819

03 058 0634 3 13158-13465-13705-13792
03 161 0492 3 35369-35486-35726-35861
03 047 0485 3 10628-10744-10984-11113
03 003 0469 3 450-576-816-919
03 136 0462 2 29567-29807-30029
03 038 0428 3 8319-8429-8669-8747
03 054 0409 2 12164-12292-12573
03 046 0408 2 10220-10328-10628
03 156 0367 2 34170-34410-34537
03 019 0364 2 4025-4121-4389
03 141 0354 2 30836-30980-31190
03 043 0348 2 9528-9768-9876
03 006 0337 2 1294-1534-1631
03 121 0336 2 26214-26454-26550
03 118 0322 2 25499-25640-25821
03 074 0314 2 16591-16745-16905
03 075 0313 2 16905-17046-17218
03 143 0310 2 31487-31595-31797
03 159 0307 2 34897-35036-35204

04 080 0592 3 17358-17502-17742-17950
04 032 0570 3 6554-6794-7034-7124
04 054 0459 3 11477-11608-11848-11936
04 085 0426 2 18719-18959-19145
04 122 0390 3 26773-26845-27085-27163
04 094 0390 2 21010-21250-21400
04 123 0386 2 27163-27309-27549
04 027 0382 2 5229-5371-5611
04 129 0378 2 28543-28681-28921
04 145 0367 2 31911-32151-32278
04 130 0362 2 28921-29161-29283
04 065 0361 2 14004-14244-14365
04 079 0360 2 16998-17070-17358
04 029 0342 2 5822-5954-6164
04 074 0330 2 15917-16157-16247
04 014 0309 2 2554-2647-2863
04 148 0307 2 32638-32777-32945

05 006 0476 3 1085-1231-1471-1561
05 074 0461 3 15832-15953-16193-16293
05 121 0385 2 25425-25523-25810
05 057 0381 2 12061-12155-12442
05 134 0367 2 28222-28462-28589
05 008 0350 2 1831-2071-2181
05 011 0326 2 2562-2802-2888
05 005 0318 2 767-1007-1085
05 028 0314 2 6148-6292-6462
05 064 0308 2 13635-13707-13943
05 137 0307 2 28949-29088-29256
05 089 0307 2 19036-19178-19343

06 042 0534 2 8540-8780-9074
06 043 0498 3 9074-9194-9434-9572
06 075 0472 3 17392-17520-17760-17864
06 149 0466 3 33181-33283-33575-33647
06 046 0457 2 9992-10283-10449
06 034 0455 3 6759-6841-7081-7214
06 074 0390 2 17002-17116-17392
06 006 0385 2 924-1022-1309
06 047 0384 2 10449-10689-10833
06 054 0380 2 12332-12572-12712
06 083 0372 3 19638-19716-19788-20010
06 079 0371 2 18542-18782-18913
06 144 0367 2 31982-32222-32349
06 117 0358 2 26492-26732-26850
06 063 0330 2 14397-14637-14727
06 052 0320 2 11823-12063-12143
06 119 0319 2 27041-27182-27360
06 066 0317 2 15229-15380-15546
06 147 0307 2 32709-32849-33016
06 116 0306 2 26186-26277-26492

07 139 3360 14 32249-32489-32729-32969-33209-33449-33689-33929-34169-34409-34649-34889-35129-35369-35609
07 141 0960 4 36089-36329-36569-36809-37049
07 143 0880 4 37289-37529-37769-38009-38169
07 124 0732 4 27750-27858-28098-28338-28482
07 110 0714 4 23871-23997-24237-24477-24585
07 014 0648 4 2702-2786-3026-3266-3350
07 042 0587 3 9120-9360-9600-9707
07 138 0525 2 31724-32009-32249
07 037 0506 3 7615-7749-7989-8121
07 140 0480 2 35609-35849-36089
07 114 0474 2 25575-25815-26049
07 134 0462 3 30491-30581-30821-30953
07 111 0398 2 24585-24713-24983
07 041 0384 2 8736-8820-9120
07 125 0372 2 28482-28614-28854
07 098 0360 2 21216-21456-21576
07 113 0354 2 25221-25461-25575
07 091 0348 2 19597-19837-19945
07 087 0348 2 18534-18678-18882
07 045 0348 2 10050-10134-10398
07 049 0328 2 11007-11158-11335

08 254 1793 8 62341-62581-62821-63061-63301-63541-63781-64021-64134
08 252 0842 4 61019-61141-61381-61621-61861
08 022 0636 3 4624-4744-4984-5260
08 057 0636 3 13423-13711-13951-14059
08 082 0624 3 20148-20268-20508-20772
08 255 0594 3 64134-64374-64614-64728
08 129 0576 3 32054-32150-32390-32630
08 066 0576 3 16260-16364-16604-16836
08 164 0559 3 40992-41131-41371-41551
08 126 0535 3 31165-31315-31555-31700
08 262 0521 2 66013-66253-66534
08 086 0514 3 21414-21540-21780-21928
08 061 0514 3 14689-14843-15083-15203
08 064 0492 2 15570-15846-16062
08 099 0491 3 24613-24763-25003-25104
08 253 0480 2 61861-62101-62341
08 251 0480 2 60539-60779-61019
08 265 0479 3 66987-67140-67380-67466
08 013 0471 2 2444-2684-2915
08 054 0471 2 12574-12889-13045
08 184 0450 3 45662-45776-46016-46112
08 145 0444 2 36492-36732-36936
08 144 0444 2 36048-36192-36492
08 114 0423 2 27864-28104-28287
08 132 0396 2 33176-33416-33572
08 117 0396 2 28878-29010-29274
08 014 0386 2 2915-3155-3301
08 093 0382 2 23199-23300-23581
08 029 0378 2 6601-6841-6979
08 160 0369 2 40086-40188-40455
08 115 0369 2 28287-28437-28656
08 179 0348 2 44528-44648-44876
08 119 0348 2 29442-29682-29790
08 125 0345 2 30820-31060-31165
08 098 0345 2 24268-24401-24613
08 173 0339 2 43193-43433-43532
08 052 0336 2 11947-12043-12283
08 027 0334 2 6097-6229-6431
08 042 0324 2 9490-9730-9814
08 158 0324 2 39594-39834-39918
08 193 0323 2 47811-47942-48134
08 123 0322 2 30318-30412-30640
08 219 0318 2 53605-53704-53923
08 140 0318 2 35075-35225-35393
08 039 0312 2 8779-8899-9091
08 172 0312 2 42881-43025-43193
08 198 0307 2 49039-49190-49346
08 143 0307 2 35741-35828-36048
08 074 0306 2 18398-18506-18704

09 110 0582 3 28115-28223-28463-28697
09 109 0556 2 27559-27851-28115
09 003 0525 3 737-821-1061-1262
09 009 0479 3 2315-2429-2669-2794
09 092 0476 2 23411-23703-23887
09 082 0462 3 20519-20651-20891-20981
09 060 0450 3 14623-14737-14977-15073
09 066 0444 3 16393-16501-16741-16837
09 052 0444 2 12680-12920-13124
09 070 0441 2 17509-17821-17950
09 116 0438 3 30071-30185-30425-30509
09 063 0423 2 15613-15853-16036
09 100 0415 2 25414-25714-25829
09 122 0405 3 31749-31819-32059-32154
09 033 0405 2 7994-8303-8399
09 037 0384 2 9180-9420-9564
09 001 0379 2 0-111-379
09 011 0375 2 3052-3191-3427
09 126 0364 2 32867-33000-33231
09 091 0363 2 23048-23288-23411
09 002 0358 2 379-509-737
09 043 0355 2 10617-10764-10972
09 035 0354 2 8604-8723-8958
09 029 0348 2 6949-7189-7297
09 083 0342 2 20981-21131-21323
09 113 0336 2 29105-29345-29441
09 094 0322 2 24091-24179-24413
09 027 0315 2 6423-6663-6738

10 077 1673 8 17644-17764-18004-18244-18484-18724-18964-19204-19317
10 089 0912 4 22538-22826-23066-23306-23450
10 103 0564 3 27169-27409-27649-27733
10 079 0564 3 19605-19845-20085-20169
10 004 0559 3 1095-1217-1457-1654
10 115 0528 2 30644-30884-31172
10 113 0515 3 29899-30031-30271-30414
10 003 0492 3 603-744-984-1095
10 082 0474 3 20631-20715-20955-21105
10 095 0470 3 24915-25019-25259-25385
10 002 0459 3 144-236-476-603
10 023 0432 3 5394-5484-5724-5826
10 097 0432 2 25685-25925-26117
10 068 0414 2 15483-15633-15897
10 093 0408 2 24279-24399-24687
10 045 0388 2 10147-10259-10535
10 092 0342 2 23937-24177-24279
10 106 0341 2 28085-28325-28426
10 109 0335 2 28851-29091-29186
10 083 0327 2 21105-21345-21432
10 072 0323 2 16525-16656-16848
10 052 0318 2 11952-12042-12270
10 051 0318 2 11634-11874-11952

11 132 0566 3 30709-30949-31189-31275
11 086 0479 3 19890-20027-20267-20369
11 142 0476 3 33428-33564-33804-33904
11 044 0474 2 9402-9642-9876
11 071 0462 2 16253-16493-16715
11 078 0460 2 17879-18179-18339
11 104 0432 2 24400-24640-24832
11 100 0414 2 23205-23505-23619
11 094 0398 3 21847-21918-22158-22245
11 051 0390 3 11362-11434-11674-11752
11 067 0384 2 15209-15497-15593
11 139 0364 2 32748-32881-33112
11 125 0350 2 28969-29109-29319
11 102 0348 2 23782-24022-24130
11 135 0335 2 31700-31940-32035
11 005 0330 2 960-1060-1290
11 041 0324 2 8640-8880-8964
11 033 0324 2 6875-7115-7199
11 052 0318 2 11752-11992-12070
11 059 0311 2 13349-13492-13660

12 095 0658 4 20965-21055-21295-21535-21623
12 084 0501 3 18447-18579-18819-18948
12 128 0474 3 28789-28939-29179-29263
12 073 0426 2 15834-15958-16260
12 102 0421 2 22749-22860-23170
12 053 0417 2 10882-11035-11299
12 147 0393 2 33462-33702-33855
12 060 0387 2 12531-12630-12918
12 072 0370 2 15464-15753-15834
12 145 0363 2 32748-32881-33111
12 146 0351 2 33111-33351-33462
12 067 0347 2 14295-14429-14642
12 114 0339 2 25576-25728-25915
12 141 0335 2 31700-31940-32035
12 127 0326 2 28463-28703-28789
12 103 0325 2 23170-23307-23495
12 138 0321 2 30954-31194-31275

13 052 0480 2 10007-10307-10487
13 057 0450 2 11789-12029-12239
13 111 0444 3 23215-23335-23575-23659
13 145 0399 3 30876-30954-31194-31275
13 069 0398 2 14509-14749-14907
13 053 0384 2 10487-10565-10871
13 055 0378 2 11081-11231-11459
13 141 0367 2 29975-30113-30342
13 152 0363 2 32748-32880-33111
13 131 0347 2 27735-27861-28082
13 121 0342 2 25569-25716-25911
13 148 0335 2 31700-31940-32035
13 056 0330 2 11459-11561-11789
13 156 0306 2 33789-33904-34095
13 075 0306 2 16121-16238-16427
