01 110 1041 4 26111-26361-26611-26861-27152
01 107 1000 4 24535-24785-25035-25285-25535
01 036 0694 3 7386-7518-7768-8080
01 100 0511 3 22448-22590-22840-22959
01 103 0482 3 23339-23479-23729-23821
01 046 0401 2 10040-10130-10441
01 117 0393 2 28381-28524-28774
01 086 0383 2 18953-19061-19336
01 052 0375 2 11337-11490-11712
01 106 0352 2 24183-24285-24535
01 073 0351 2 15952-16088-16303
01 099 0347 2 22101-22351-22448
01 098 0330 2 21771-21901-22101
01 091 0329 2 20199-20319-20528
01 041 0325 2 8908-9056-9233
01 108 0325 2 25535-25785-25860
01 081 0309 2 17692-17804-18001

02 140 1250 5 31889-32139-32389-32639-32889-33139
02 141 0908 4 33139-33389-33639-33889-34047
02 021 0478 3 4222-4364-4614-4700
02 093 0430 2 20965-21215-21395
02 137 0394 2 30960-31210-31354
02 008 0385 2 1416-1552-1801
02 101 0382 2 23053-23124-23435
02 081 0369 2 18072-18191-18441
02 048 0340 2 10480-10730-10820
02 075 0333 2 16594-16701-16927
02 130 0328 2 29174-29287-29502
02 089 0322 2 20064-20159-20386
02 084 0322 2 18936-19091-19258
02 031 0319 2 6621-6704-6940
02 139 0319 2 31570-31713-31889

03 135 1000 4 31888-32138-32388-32638-32888
03 137 0908 4 33138-33388-33638-33888-34046
03 080 0502 3 18251-18389-18639-18753
03 050 0499 3 10722-10850-11100-11221
03 032 0472 3 6700-6777-7027-7172
03 115 0465 2 27077-27375-27542
03 128 0416 2 30258-30401-30674
03 082 0413 2 18986-19236-19399
03 051 0408 2 11221-11355-11629
03 095 0399 2 22087-22236-22486
03 112 0369 2 26376-26495-26745
03 072 0355 2 16174-16291-16529
03 111 0347 2 26029-26279-26376
03 075 0346 2 17012-17262-17358
03 094 0344 2 21743-21897-22087
03 053 0340 2 11946-12081-12286
03 125 0335 2 29388-29638-29723
03 062 0333 2 14176-14426-14509
03 100 0332 2 23382-23632-23714
03 052 0317 2 11629-11772-11946
03 060 0313 2 13684-13767-13997

04 130 1250 5 31888-32138-32338-32638-32888-33138
04 131 0908 4 33138-33388-33638-33888-34046
04 091 0604 3 22471-22584-22834-23075
04 030 0486 3 6359-6501-6751-6845
04 039 0481 3 8940-9091-9341-9421
04 047 0447 3 11365-11470-11720-11812
04 073 0438 3 17555-17626-17876-17993
04 044 0434 2 10346-10480-10780
04 120 0400 3 29433-29510-29760-29833
04 011 0385 2 2230-2368-2615
04 086 0377 2 21061-21145-21438
04 092 0361 2 23075-23325-23436
04 081 0361 2 19739-19989-20100
04 077 0359 2 18614-18731-18973
04 119 0358 2 29075-29146-29433
04 045 0358 2 10780-11030-11138
04 090 0322 2 22149-22304-22471
04 078 0322 2 18973-19089-19295
04 084 0319 2 20528-20617-20847
04 123 0315 2 30259-30392-30574

05 137 0884 4 33162-33412-33662-33912-34046
05 120 0802 3 26789-27039-27289-27591
05 136 0750 3 32412-32662-32912-33162
05 135 0750 3 31662-31912-32162-32412
05 063 0583 3 13469-13552-13802-14052
05 064 0539 2 14052-14302-14591
05 131 0501 3 30400-30519-30769-30901
05 130 0501 3 29899-30042-30292-30400
05 087 0441 3 19058-19153-19403-19499
05 100 0412 2 21851-22101-22263
05 110 0407 2 24297-24416-24704
05 010 0392 2 2006-2101-2398
05 005 0388 2 761-904-1149
05 011 0385 2 2398-2536-2783
05 048 0356 2 10386-10636-10742
05 128 0346 2 29231-29338-29577
05 080 0327 2 17622-17741-17949
05 043 0326 2 9237-9390-9563
05 129 0322 2 29577-29672-29899
05 134 0309 2 31353-31472-31662

06 129 1000 4 31888-32138-32388-32638-32888
06 131 0908 4 33138-33388-33638-33888-34046
06 035 0623 3 7647-7897-8147-8270
06 069 0587 3 16394-16644-16894-16981
06 128 0538 2 31350-31600-31888
06 045 0507 2 10578-10893-11085
06 083 0484 2 19912-20162-20396
06 111 0472 3 27035-27148-27398-27507
06 104 0419 2 24857-25107-25276
06 051 0416 3 12212-12293-12543-12628
06 090 0390 2 21689-21773-22079
06 097 0382 2 23432-23682-23814
06 106 0381 2 25607-25857-25988
06 107 0355 2 25988-26238-26343
06 020 0351 2 4009-4259-4360
06 036 0348 2 8270-8390-8618
06 081 0345 2 19378-19485-19723
06 040 0339 2 9336-9443-9675
06 124 0338 2 30406-30656-30744
06 004 0335 2 620-774-955
06 105 0331 2 25276-25425-25607
06 094 0327 2 22755-22851-23082
06 108 0318 2 26343-26429-26661
06 079 0310 2 18805-18906-19115
06 118 0309 2 28988-29083-29297

07 131 2271 10 31775-31888-32138-32388-32638-32888-33138-33388-33638-33888-34046
07 076 0668 4 18328-18423-18673-18923-18996
07 112 0563 3 27368-27463-27713-27931
07 073 0503 3 17384-17516-17766-17887
07 051 0473 3 12152-12260-12510-12625
07 023 0461 2 5076-5394-5537
07 042 0432 2 9694-9944-10126
07 031 0418 2 7161-7268-7579
07 020 0382 2 4134-4277-4516
07 111 0382 2 26986-27236-27368
07 008 0379 2 1492-1624-1871
07 053 0365 2 12797-12940-13162
07 107 0340 2 25931-26181-26271
07 104 0337 2 25178-25276-25515
07 046 0336 2 10982-11106-11318
07 021 0335 2 4516-4660-4851
07 078 0335 2 19198-19448-19533
07 094 0322 2 22932-23051-23254
07 062 0310 2 14765-14884-15075
07 129 0309 2 31276-31418-31585
07 068 0309 2 16064-16159-16373
07 122 0307 2 29846-29986-30153

08 125 1000 4 31888-32138-32388-32638-32888
08 127 0908 4 33138-33388-33638-33888-34046
08 072 0717 4 16270-16365-16615-16865-16987
08 118 0630 3 29923-30173-30423-30553
08 112 0524 3 27836-27932-28182-28360
08 043 0515 3 9320-9451-9701-9835
08 085 0508 3 20350-20457-20707-20858
08 089 0500 2 21782-22032-22282
08 082 0489 2 19310-19560-19799
08 093 0477 3 23282-23425-23675-23759
08 067 0472 3 14975-15113-15363-15447
08 116 0466 2 28997-29247-29463
08 117 0460 2 29463-29604-29923
08 080 0449 2 18613-18863-19062
08 035 0439 2 7307-7459-7746
08 091 0413 2 22538-22676-22951
08 084 0389 2 19961-20211-20350
08 087 0386 2 21235-21485-21621
08 119 0381 2 30553-30696-30934
08 086 0377 2 20858-21108-21235
08 050 0333 2 11413-11496-11746
08 092 0331 2 22951-23064-23282
08 046 0330 2 10283-10367-10613
08 096 0327 2 24118-24368-24445
08 049 0327 2 11086-11217-11413
08 109 0318 2 27059-27166-27377
08 006 0307 2 957-1097-1264

09 137 1393 6 31745-31888-32138-32388-32638-32888-33138
09 122 0568 3 27760-27852-28102-28328
09 106 0515 3 23861-23998-24248-24376
09 138 0500 2 33138-33388-33638
09 088 0466 2 20014-20169-20480
09 128 0419 2 29512-29762-29931
09 139 0408 2 33638-33888-34046
09 008 0407 2 1922-2172-2329
09 002 0404 2 293-447-697
09 083 0380 2 18640-18890-19020
09 076 0359 2 16942-17192-17301
09 130 0346 2 30121-30371-30467
09 067 0327 2 14758-14835-15085
09 086 0322 2 19508-19639-19830
09 050 0321 2 11268-11398-11589

10 123 1000 4 31888-32138-32388-32638-32888
10 036 0953 5 8179-8281-8531-8781-9031-9132
10 054 0711 3 13268-13518-13768-13979
10 055 0545 2 13979-14229-14524
10 125 0500 2 33138-33388-33638
10 098 0496 3 25201-25344-25594-25697
10 099 0491 3 25697-25841-26091-26188
10 027 0468 2 5723-5877-6191
10 118 0453 2 30507-30757-30960
10 076 0435 3 19695-19779-20029-20130
10 007 0432 2 1416-1550-1848
10 040 0426 2 9756-10071-10182
10 059 0421 2 15492-15602-15913
10 126 0408 2 33638-33888-34046
10 060 0398 2 15913-16163-16311
10 067 0393 2 17606-17690-17999
10 058 0389 2 15103-15353-15492
10 108 0387 2 28026-28170-28413
10 031 0378 2 7006-7256-7384
10 078 0378 2 20349-20599-20727
10 088 0370 2 22791-22946-23161
10 028 0358 2 6191-6441-6549
10 003 0358 2 416-666-774
10 047 0331 2 11641-11891-11972
10 103 0322 2 26844-26962-27166
10 045 0313 2 11023-11130-11336
10 083 0312 2 21593-21725-21905

11 131 2539 11 31507-31627-31877-32127-32377-32627-32877-33127-33377-33627-33877-34046
11 033 0643 3 7246-7389-7639-7889
11 049 0598 3 11640-11738-11988-12238
11 069 0531 2 16856-17106-17387
11 042 0491 2 9851-10155-10342
11 051 0442 2 12424-12674-12866
11 101 0429 2 24726-25035-25155
11 082 0426 2 20090-20340-20516
11 009 0385 2 1798-1936-2183
11 086 0384 2 21373-21623-21757
11 129 0381 2 30887-31030-31268
11 084 0379 2 20797-20928-21176
11 095 0321 2 23372-23503-23693
11 074 0320 2 18232-18380-18552

12 134 1250 5 32111-32361-32611-32861-33111-33361
12 083 0750 3 19448-19698-19948-20198
12 072 0662 3 16431-16681-16931-17093
12 135 0500 2 33361-33611-33861
12 026 0490 3 5342-5449-5699-5832
12 059 0477 2 13173-13423-13650
12 044 0456 3 9716-9840-10090-10172
12 075 0411 2 17532-17782-17943
12 070 0410 2 15748-15998-16158
12 132 0399 3 31317-31388-31638-31716
12 098 0398 2 22957-23110-23355
12 133 0395 2 31716-31861-32111
12 052 0387 2 11434-11588-11821
12 119 0383 2 27993-28243-28376
12 114 0334 2 26862-27004-27196
12 100 0312 2 23535-23655-23847

13 128 0870 4 31768-31888-32138-32388-32638
13 102 0555 3 25134-25284-25534-25689
13 130 0500 2 33138-33388-33638
13 129 0500 2 32638-32888-33138
13 007 0497 2 1729-1979-2226
13 088 0481 2 21547-21797-22028
13 079 0466 2 19234-19536-19700
13 122 0443 2 30030-30280-30473
13 121 0430 3 29600-29689-29939-30030
13 131 0408 2 33638-33888-34046
13 124 0406 2 30854-31104-31260
13 068 0406 2 16261-16511-16667
13 003 0402 3 553-624-874-955
13 114 0385 2 27961-28211-28346
13 123 0381 2 30473-30723-30854
13 032 0377 2 7408-7535-7785
13 046 0375 2 10810-10935-11185
13 056 0367 2 13351-13468-13718
13 105 0364 2 26091-26216-26455
13 061 0363 2 14635-14783-14998
13 075 0354 2 18255-18397-18609
13 052 0344 2 12242-12374-12586
13 006 0328 2 1401-1521-1729
13 019 0322 2 4576-4717-4898
13 053 0322 2 12586-12836-12908
13 039 0316 2 9203-9330-9519
13 080 0316 2 19700-19813-20016
