01 114 0504 3 26452-26548-26798-26956
01 025 0446 3 5700-5820-6070-6146
01 010 0438 3 1859-1967-2217-2297
01 121 0435 2 28433-28565-28868
01 145 0422 2 33865-34004-34287
01 103 0396 2 23861-24111-24257
01 056 0386 2 12740-12884-13126
01 065 0385 2 14860-15010-15245
01 018 0375 2 3860-4110-4235
01 092 0372 2 21259-21509-21631
01 120 0371 2 28062-28312-28433
01 137 0362 2 31978-32128-32340
01 146 0348 2 34287-34537-34635
01 035 0345 2 7878-8013-8223
01 091 0336 2 20923-21173-21259
01 098 0324 2 22784-23034-23108
01 007 0321 2 1139-1292-1460

02 120 0642 3 29040-29190-29440-29682
02 127 0606 3 31521-31641-31891-32127
02 018 0594 3 3549-3799-4049-4143
02 092 0558 3 21781-21859-22109-22339
02 125 0537 3 30570-30669-30919-31107
02 041 0449 2 9952-10225-10401
02 082 0444 3 19303-19423-19673-19747
02 049 0429 2 11763-12076-12192
02 136 0422 2 33864-34003-34286
02 126 0414 2 31107-31357-31521
02 110 0414 2 26310-26406-26724
02 099 0399 2 23532-23622-23931
02 039 0396 2 9211-9461-9607
02 117 0396 2 28170-28420-28566
02 035 0393 2 8128-8236-8521
02 031 0391 2 6987-7128-7378
02 026 0378 2 5760-6010-6138
02 116 0375 2 27795-28069-28170
02 091 0360 2 21421-21565-21781
02 038 0354 2 8857-9007-9211
02 040 0345 2 9607-9712-9952
02 103 0333 2 24705-24849-25038
02 101 0330 2 24099-24349-24429
02 058 0324 2 14034-14284-14358
02 053 0321 2 12867-12945-13188

03 103 0750 3 23924-24174-24424-24674
03 093 0519 3 21278-21362-21612-21797
03 051 0468 2 11498-11748-11966
03 084 0465 2 19166-19416-19631
03 114 0452 3 26948-27020-27270-27400
03 001 0426 2 0-108-426
03 142 0422 2 33864-34003-34286
03 118 0414 3 28148-28238-28488-28562
03 029 0410 2 6159-6409-6569
03 020 0405 2 3891-4020-4296
03 025 0399 2 5082-5332-5481
03 121 0396 2 28994-29102-29390
03 068 0372 2 15559-15809-15931
03 041 0354 2 9188-9438-9542
03 095 0352 2 21983-22085-22335
03 104 0348 2 24674-24948-25022
03 112 0336 2 26426-26558-26762
03 037 0334 2 8302-8552-8636
03 115 0334 2 27400-27650-27734
03 102 0333 2 23591-23681-23924
03 067 0325 2 15234-15484-15559
03 075 0323 2 17107-17251-17430
03 089 0315 2 20351-20504-20666
03 057 0306 2 13049-13163-13355

04 004 0570 3 546-678-928-1116
04 152 0480 3 34286-34424-34674-34766
04 141 0443 2 31321-31476-31764
04 151 0422 2 33864-34003-34286
04 065 0420 2 13715-13859-14135
04 030 0408 2 6359-6609-6767
04 123 0384 2 26835-27085-27219
04 109 0360 2 23415-23535-23775
04 126 0348 2 27681-27931-28029
04 010 0330 2 2103-2247-2433
04 131 0327 2 28908-29158-29235
04 143 0325 2 32014-32127-32339
04 134 0324 2 29697-29841-30021
04 130 0324 2 28584-28728-28908
04 106 0324 2 22629-22879-22953
04 073 0320 2 15675-15827-15995
04 115 0312 2 24981-25125-25293
04 100 0306 2 21334-21412-21640

05 026 0624 3 4677-4809-5059-5301
05 030 0615 2 6147-6445-6762
05 106 0561 3 24579-24648-24898-25140
05 110 0492 3 25801-25945-26195-26293
05 085 0492 2 19014-19264-19506
05 088 0468 3 20115-20199-20449-20583
05 057 0459 2 12758-13008-13217
05 092 0420 2 21177-21309-21597
05 118 0408 2 27781-27901-28189
05 086 0396 2 19506-19602-19902
05 144 0389 2 33864-34003-34253
05 032 0380 2 7108-7420-7488
05 112 0350 2 26543-26819-26893
05 031 0346 2 6762-6858-7108
05 061 0342 2 13778-14028-14120
05 035 0330 2 7974-8088-8304
05 077 0325 2 17165-17415-17490
05 135 0312 2 31815-31935-32127
05 034 0306 2 7668-7776-7974
05 108 0306 2 25339-25483-25645
05 079 0306 2 17718-17814-18024

06 067 0624 3 15251-15501-15751-15875
06 071 0594 3 16454-16704-16954-17048
06 103 0576 3 23673-23923-24173-24249
06 062 0507 3 13607-13739-13989-14114
06 066 0501 3 14750-14885-15135-15251
06 005 0462 3 675-795-1045-1137
06 146 0422 2 33864-34003-34286
06 115 0417 3 26742-26838-27088-27159
06 027 0399 2 5484-5586-5883
06 121 0388 2 28294-28432-28682
06 105 0387 2 24405-24655-24792
06 090 0387 2 20837-20981-21224
06 117 0384 2 27348-27501-27732
06 072 0369 2 17048-17132-17417
06 102 0348 2 23325-23475-23673
06 077 0342 2 18255-18347-18597
06 044 0327 2 9435-9546-9762
06 057 0324 2 12372-12495-12696
06 052 0315 2 11157-11283-11472

07 021 0444 2 4779-4923-5223
07 028 0443 2 6616-6759-7059
07 092 0432 2 20667-20917-21099
07 099 0429 2 22238-22389-22667
07 149 0422 2 33866-34005-34288
07 101 0402 2 22982-23232-23384
07 017 0396 2 3642-3892-4038
07 115 0396 2 26309-26429-26705
07 020 0390 2 4389-4539-4779
07 112 0378 2 25424-25526-25802
07 134 0372 2 30515-30665-30887
07 045 0339 2 10457-10568-10796
07 053 0318 2 12377-12503-12695
07 013 0315 2 2736-2889-3051

08 043 0528 2 8878-9128-9406
08 109 0492 3 25305-25455-25705-25797
08 066 0483 2 14377-14651-14860
08 071 0480 3 16077-16179-16429-16557
08 112 0453 2 26443-26741-26896
08 127 0440 2 30241-30491-30681
08 098 0396 2 22542-22650-22938
08 093 0390 2 21198-21508-21588
08 143 0389 2 33864-34003-34253
08 052 0388 2 11005-11143-11393
08 095 0384 2 21768-22018-22152
08 099 0378 2 22938-23016-23316
08 080 0378 2 18165-18267-18543
08 067 0378 2 14860-14998-15238
08 111 0372 2 26071-26321-26443
08 122 0369 2 28732-28982-29101
08 126 0358 2 29883-29991-30241
08 087 0351 2 19713-19963-20064
08 102 0342 2 23787-24037-24129
08 077 0342 2 17493-17637-17835
08 055 0327 2 11806-11956-12133
08 091 0323 2 20716-20826-21039
08 020 0321 2 3759-3873-4080
08 057 0312 2 12352-12490-12664

09 127 0666 3 31170-31420-31670-31836
09 069 0594 3 17211-17319-17569-17805
09 085 0591 3 21420-21573-21823-22011
09 074 0558 3 18876-18954-19204-19434
09 003 0555 3 648-747-997-1203
09 128 0505 2 31836-32110-32341
09 042 0497 2 10276-10526-10773
09 048 0486 2 12303-12553-12789
09 009 0480 2 2607-2857-3087
09 119 0429 2 29175-29491-29604
09 015 0426 2 4380-4530-4806
09 136 0422 2 33866-34005-34288
09 002 0420 2 228-478-648
09 106 0408 3 26283-26355-26605-26691
09 004 0408 2 1203-1453-1611
09 014 0390 2 3990-4240-4380
09 056 0384 2 14121-14425-14505
09 033 0366 2 8212-8296-8578
09 044 0366 2 11061-11353-11427
09 071 0354 2 18051-18159-18405
09 063 0348 2 15813-15957-16161
09 047 0348 2 11955-12205-12303

10 108 0798 4 27239-27389-27639-27889-28037
10 095 0684 3 23963-24084-24334-24647
10 056 0552 2 13608-13858-14160
10 048 0510 3 10806-10926-11176-11316
10 110 0504 3 28211-28355-28605-28715
10 054 0500 2 12648-12898-13148
10 088 0480 3 21830-21962-22212-22310
10 055 0460 3 13148-13230-13480-13608
10 076 0456 3 18440-18536-18786-18896
10 081 0450 3 19874-19946-20196-20324
10 087 0429 2 21401-21545-21830
10 134 0422 2 33866-34005-34288
10 069 0411 2 16734-16845-17145
10 121 0408 2 30718-30808-31126
10 078 0408 2 19070-19196-19478
10 050 0408 2 11508-11598-11916
10 027 0396 2 5352-5602-5748
10 122 0396 2 31126-31376-31522
10 028 0390 2 5748-5998-6138
10 035 0384 2 7431-7575-7815
10 091 0372 2 22847-23097-23219
10 043 0363 2 9441-9591-9804
10 102 0348 2 25943-26075-26291
10 099 0342 2 25253-25503-25595
10 022 0330 2 4197-4305-4527
10 092 0330 2 23219-23351-23549
10 090 0324 2 22523-22773-22847
10 002 0318 2 155-293-473
10 053 0312 2 12336-12474-12648
10 060 0306 2 14748-14838-15054

11 102 1083 5 26958-27111-27361-27611-27861-28041
11 100 1000 4 25758-26008-26258-26508-26758
11 081 0888 4 20289-20427-20677-20927-21177
11 080 0726 3 19563-19813-20063-20289
11 029 0540 2 6108-6358-6648
11 046 0533 2 10803-11053-11336
11 041 0504 3 9606-9756-10006-10110
11 057 0480 3 13515-13584-13834-13995
11 079 0477 3 19086-19236-19486-19563
11 086 0474 2 22263-22513-22737
11 062 0462 3 14901-15003-15253-15363
11 069 0435 2 16653-16903-17088
11 117 0423 2 31317-31615-31740
11 127 0422 2 33864-34003-34286
11 017 0408 2 3285-3405-3693
11 037 0393 2 8646-8896-9039
11 072 0390 2 17526-17824-17916
11 118 0388 2 31740-31990-32128
11 085 0387 2 21876-22126-22263
11 108 0384 2 29253-29388-29637
11 088 0384 2 22905-23155-23289
11 030 0366 2 6648-6898-7014
11 036 0360 2 8286-8439-8646
11 106 0348 2 28743-28993-29091
11 104 0328 2 28238-28374-28566
11 089 0324 2 23289-23439-23613
11 033 0309 2 7494-7578-7803

12 059 0660 3 13450-13552-13802-14110
12 079 0517 2 19219-19505-19736
12 072 0504 3 17383-17530-17780-17887
12 032 0500 2 7106-7356-7606
12 139 0500 2 32994-33244-33494
12 082 0480 3 20120-20222-20472-20600
12 043 0444 3 9850-9922-10172-10294
12 064 0429 2 15250-15500-15679
12 113 0428 3 27432-27536-27786-27860
12 130 0421 2 30940-31190-31361
12 067 0420 3 16117-16189-16439-16537
12 009 0402 2 1806-1932-2208
12 037 0396 2 8359-8609-8755
12 007 0376 2 1212-1338-1588
12 029 0372 2 6248-6498-6620
12 026 0372 2 5420-5492-5792
12 096 0372 2 23513-23763-23885
12 074 0348 2 18043-18187-18391
12 093 0336 2 22700-22826-23036
12 061 0336 2 14350-14600-14686
12 031 0330 2 6776-7026-7106
12 111 0327 2 26855-26984-27182
12 110 0324 2 26531-26663-26855
12 063 0324 2 14926-15176-15250
12 012 0318 2 2520-2652-2838
12 040 0306 2 9196-9346-9502
