14 151 0673 4 32816-32887-33137-33387-33489
14 152 0606 3 33489-33711-33961-34095
14 032 0560 3 6261-6380-6630-6821
14 121 0489 2 25444-25694-25933
14 147 0468 2 31724-31974-32192
14 103 0462 2 21194-21345-21656
14 110 0406 2 22892-23023-23298
14 073 0399 2 14658-14812-15057
14 002 0396 2 153-273-549
14 140 0347 2 29975-30225-30322
14 123 0346 2 26112-26183-26458
14 086 0332 2 17472-17625-17804
14 145 0325 2 31086-31227-31411
14 146 0313 2 31411-31524-31724

15 147 0682 4 33412-33518-33768-34018-34094
15 037 0563 3 8226-8369-8619-8789
15 138 0547 2 30636-30933-31183
15 036 0538 2 7688-7938-8226
15 112 0475 2 24743-24993-25218
15 028 0430 2 5651-5901-6081
15 146 0381 2 33031-33173-33412
15 142 0370 2 31911-32161-32281
15 038 0359 2 8789-9039-9148
15 073 0359 2 16443-16552-16802
15 044 0340 2 10238-10339-10578
15 030 0333 2 6308-6450-6641
15 145 0333 2 32698-32816-33031
15 140 0333 2 31412-31519-31745
15 106 0327 2 23312-23455-23639

16 022 0625 3 4712-4962-5212-5337
16 130 0474 3 28262-28348-28598-28736
16 138 0426 2 30412-30561-30838
16 070 0417 2 15154-15404-15571
16 153 0384 2 33709-33959-34093
16 056 0384 2 12358-12492-12742
16 012 0381 2 2410-2565-2791
16 077 0358 2 16829-16964-17187
16 045 0334 2 9916-10006-10250
16 118 0333 2 25451-25701-25784

17 146 0582 3 33463-33685-33935-34045
17 144 0504 3 32790-32861-33111-33294
17 067 0504 3 15079-15228-15478-15583
17 024 0500 2 4941-5191-5441
17 035 0486 3 7735-7843-8093-8221
17 140 0468 2 31698-31948-32166
17 068 0420 3 15583-15655-15905-16003
17 036 0396 2 8221-8471-8617
17 062 0393 2 13769-13870-14162
17 054 0389 2 12111-12254-12500
17 089 0387 2 20069-20206-20456
17 047 0372 2 10657-10795-11029
17 100 0369 2 22782-22901-23151
17 098 0368 2 22177-22456-22545
17 074 0363 2 16975-17225-17338
17 030 0352 2 6615-6717-6967
17 010 0327 2 1998-2131-2325
17 101 0313 2 23151-23287-23464

18 140 0673 4 32814-32885-33135-33385-33487
18 136 0639 3 31551-31801-32051-32190
18 033 0484 3 8053-8161-8411-8537
18 023 0479 2 4967-5217-5446
18 057 0453 3 13724-13801-14051-14177
18 068 0438 3 16464-16562-16812-16902
18 028 0430 2 6831-7081-7261
18 086 0416 2 20442-20692-20858
18 001 0407 2 0-274-407
18 026 0394 2 6163-6413-6557
18 025 0389 2 5774-6024-6163
18 142 0384 2 33709-33959-34093
18 047 0379 2 11399-11482-11778
18 043 0369 2 10445-10533-10814
18 115 0332 2 26862-26956-27194
18 024 0328 2 5446-5529-5774
18 061 0323 2 14804-15054-15127
18 054 0322 2 12972-13078-13294
18 129 0318 2 30088-30236-30406
18 108 0316 2 25237-25386-25553
18 002 0314 2 407-541-721
18 099 0314 2 23423-23565-23737
18 113 0308 2 26317-26465-26625

19 153 0673 4 32815-32886-33136-33386-33488
19 154 0606 3 33488-33710-33960-34094
19 149 0468 2 31723-31973-32191
19 091 0435 2 19044-19294-19479
19 086 0406 2 17763-18013-18169
19 141 0394 2 29555-29858-29949
19 116 0371 2 24118-24415-24489
19 139 0362 2 28981-29231-29343
19 043 0339 2 8590-8720-8929
19 017 0337 2 3282-3532-3619
19 060 0329 2 12071-12321-12400
19 147 0325 2 31227-31337-31552
19 143 0318 2 30187-30290-30505
19 126 0310 2 26349-26455-26659

20 148 0673 4 32815-32886-33136-33386-33488
20 027 0385 2 5504-5641-5889
20 150 0384 2 33710-33960-34094
20 038 0381 2 8345-8487-8726
20 089 0374 2 19678-19820-20052
20 031 0359 2 6662-6793-7021
20 028 0358 2 5889-6008-6247
20 121 0347 2 26674-26924-27021
20 019 0346 2 3668-3823-4014
20 132 0344 2 28999-29249-29343
20 076 0343 2 16602-16748-16945
20 084 0338 2 18523-18671-18861
20 144 0329 2 31723-31973-32052
20 097 0327 2 21677-21789-22004
20 036 0324 2 7857-8107-8181
20 117 0324 2 25712-25793-26036
20 136 0319 2 30032-30184-30351
20 143 0314 2 31409-31552-31723
20 145 0312 2 32052-32191-32364

21 144 0673 4 32815-32886-33136-33386-33488
21 145 0606 3 33488-33710-33960-34094
21 099 0500 2 22139-22389-22639
21 130 0490 3 29541-29693-29943-30031
21 124 0482 3 27791-27895-28145-28273
21 140 0468 2 31723-31973-32191
21 005 0433 2 862-980-1295
21 088 0392 2 19490-19644-19882
21 008 0386 2 1867-1950-2253
21 067 0382 2 14772-14867-15154
21 128 0377 2 28973-29223-29350
21 052 0369 2 11336-11466-11705
21 007 0339 2 1528-1593-1867
21 125 0332 2 28273-28394-28605
21 096 0327 2 21355-21432-21682

22 143 0673 4 32813-32884-33134-33384-33486
22 037 0469 3 7848-7994-8244-8317
22 139 0468 2 31721-31971-32189
22 043 0447 3 9607-9719-9969-10054
22 084 0426 2 19284-19573-19710
22 078 0405 3 17863-17934-18184-18268
22 145 0384 2 33708-33958-34092
22 100 0380 2 23113-23243-23493
22 065 0360 2 14916-15166-15276
22 049 0351 2 11060-11208-11411
22 101 0350 2 23493-23619-23843
22 089 0346 2 20530-20661-20876
22 051 0333 2 11661-11768-11994
22 039 0329 2 8639-8889-8968
22 069 0328 2 15835-15942-16163
22 032 0325 2 6691-6796-7016
22 110 0324 2 25548-25667-25872
22 038 0322 2 8317-8567-8639
22 054 0314 2 12384-12510-12698

23 104 0643 3 21764-22014-22264-22407
23 162 0504 3 34253-34324-34574-34757
23 129 0447 3 27313-27384-27634-27760
23 012 0432 2 2251-2560-2683
23 062 0417 2 12761-12868-13178
23 035 0364 2 7019-7149-7383
23 111 0357 2 23570-23712-23927
23 039 0319 2 8001-8079-8320
23 094 0310 2 19360-19499-19670

24 157 0463 2 34481-34635-34944
24 077 0450 3 16893-16968-17218-17343
24 076 0404 2 16489-16643-16893
24 073 0403 2 15559-15809-15962
24 133 0396 2 28754-29045-29150
24 007 0386 2 1276-1425-1662
24 159 0384 2 35150-35400-35534
24 066 0382 2 13740-13877-14122
24 128 0356 2 27533-27663-27889
24 142 0315 2 31026-31164-31341

25 118 0886 4 27761-27897-28147-28397-28647
25 106 0653 3 24259-24509-24759-24912
25 093 0514 3 20784-20915-21165-21298
25 088 0499 3 19382-19482-19732-19881
25 075 0435 2 16420-16735-16855
25 032 0434 3 6839-6928-7178-7273
25 116 0425 2 27096-27386-27521
25 044 0413 2 9630-9880-10043
25 135 0407 3 32765-32836-33086-33172
25 100 0400 2 22717-23026-23117
25 121 0386 2 29032-29168-29418
25 126 0369 2 30339-30589-30708
25 124 0369 2 29771-29890-30140
25 097 0366 2 21945-22069-22311
25 072 0357 2 15724-15855-16081
25 076 0329 2 16855-17105-17184
25 131 0328 2 31772-32022-32100
25 002 0322 2 179-334-501
25 104 0316 2 23735-23884-24051
25 004 0315 2 703-845-1018
25 139 0311 2 33785-33880-34096
25 130 0310 2 31462-31569-31772
