14 116 0504 2 26657-26897-27161
14 104 0492 2 23227-23527-23719
14 105 0475 2 23719-23959-24194
14 101 0462 3 22231-22351-22591-22693
14 131 0432 2 30258-30410-30690
14 078 0426 2 16659-16803-17085
14 128 0394 2 29435-29547-29829
14 133 0390 2 30935-31175-31325
14 062 0370 2 12590-12830-12960
14 139 0364 2 32721-32961-33085
14 103 0364 2 22863-22947-23227
14 025 0358 2 4802-4942-5160
14 019 0358 2 3409-3556-3767
14 134 0358 2 31325-31565-31683
14 074 0357 2 15550-15790-15907
14 095 0348 2 20780-20888-21128
14 100 0336 2 21895-22027-22231
14 086 0332 2 18605-18845-18937
14 076 0324 2 16109-16229-16433
14 087 0307 2 18937-19046-19244
14 027 0306 2 5353-5493-5659

15 149 0553 2 33088-33328-33641
15 026 0531 2 5032-5272-5563
15 071 0418 3 15344-15446-15686-15762
15 051 0393 2 10978-11098-11371
15 046 0390 2 9889-9991-10279
15 140 0387 2 30544-30664-30931
15 099 0380 2 21667-21907-22047
15 032 0378 2 6535-6673-6913
15 016 0375 2 2800-2935-3175
15 024 0366 2 4504-4642-4870
15 148 0364 2 32724-32964-33088
15 143 0358 2 31328-31568-31686
15 150 0353 2 33641-33881-33994
15 058 0344 2 12604-12742-12948
15 088 0330 2 19144-19288-19474
15 033 0324 2 6913-7057-7237
15 079 0319 2 17286-17419-17605
15 072 0312 2 15762-15870-16074
15 097 0306 2 21163-21271-21469

16 127 0761 4 28575-28689-28929-29169-29336
16 049 0660 3 10904-11144-11384-11564
16 118 0546 3 26312-26456-26696-26858
16 133 0457 2 30390-30690-30847
16 019 0438 2 3873-4113-4311
16 111 0386 2 24554-24652-24940
16 104 0385 2 23034-23187-23419
16 022 0384 2 4660-4755-5044
16 139 0366 2 32243-32483-32609
16 144 0363 2 33614-33854-33977
16 134 0358 2 30847-31087-31205
16 029 0357 2 6395-6527-6752
16 103 0344 2 22690-22800-23034
16 141 0342 2 32849-33089-33191
16 085 0342 2 18882-19014-19224
16 035 0327 2 7843-7951-8170
16 051 0312 2 11759-11879-12071
16 039 0306 2 8816-8930-9122

17 055 0585 3 12108-12245-12485-12693
17 094 0432 2 21942-22182-22374
17 081 0432 2 18378-18516-18810
17 003 0431 2 422-740-853
17 135 0411 2 30914-31168-31325
17 042 0408 3 9156-9228-9468-9564
17 082 0402 2 18810-18918-19212
17 114 0396 2 26307-26547-26703
17 061 0384 2 13832-14072-14216
17 127 0376 2 29162-29242-29538
17 030 0371 2 6421-6504-6792
17 141 0364 2 32721-32961-33085
17 136 0358 2 31325-31565-31683
17 093 0355 2 21587-21677-21942
17 054 0352 2 11756-11840-12108
17 077 0348 2 17436-17676-17784
17 084 0341 2 19488-19631-19829
17 028 0330 2 5911-6022-6241
17 068 0316 2 15590-15722-15906
17 012 0310 2 2540-2684-2850

18 049 0564 3 10038-10278-10518-10602
18 137 0539 3 30789-30931-31171-31328
18 074 0527 2 16212-16452-16739
18 144 0480 2 33088-33328-33568
18 064 0431 2 13921-14161-14352
18 045 0426 2 8952-9082-9378
18 083 0367 2 18444-18593-18811
18 143 0364 2 32724-32964-33088
18 103 0362 2 23147-23243-23509
18 138 0358 2 31328-31568-31686
18 063 0356 2 13565-13805-13921
18 050 0348 2 10602-10734-10950
18 028 0334 2 5495-5589-5829
18 061 0334 2 13030-13270-13364
18 088 0331 2 19722-19829-20053
18 102 0320 2 22827-22979-23147
18 099 0314 2 22125-22255-22439
18 059 0310 2 12550-12646-12860
18 107 0306 2 24172-24262-24478

19 135 0973 4 30864-31170-31410-31650-31837
19 071 0774 4 15705-15802-16042-16282-16479
19 115 0521 3 26348-26441-26681-26869
19 137 0459 2 32286-32526-32745
19 092 0452 2 20870-21016-21322
19 136 0449 2 31837-32077-32286
19 067 0429 2 14643-14883-15072
19 114 0425 2 25923-26076-26348
19 042 0406 2 8729-8865-9135
19 141 0374 2 33620-33860-33994
19 066 0370 2 14273-14513-14643
19 075 0354 2 17161-17305-17515
19 060 0348 2 12656-12764-13004
19 138 0342 2 32745-32985-33087
19 139 0334 2 33087-33327-33421
19 096 0334 2 21977-22079-22311
19 027 0328 2 5322-5427-5650
19 031 0324 2 6312-6552-6636
19 028 0318 2 5650-5728-5968
19 018 0318 2 3280-3424-3598
19 065 0318 2 13955-14057-14273
19 118 0306 2 27255-27333-27561

20 122 0483 3 27636-27746-27986-28119
20 022 0434 2 4321-4461-4755
20 067 0433 2 14351-14591-14784
20 076 0423 2 16996-17128-17419
20 059 0420 3 12373-12481-12721-12793
20 071 0418 2 15432-15540-15850
20 073 0400 2 16110-16350-16510
20 134 0397 2 30929-31169-31326
20 108 0372 2 24467-24563-24839
20 143 0366 2 33618-33858-33984
20 140 0364 2 32722-32962-33086
20 099 0359 2 22374-22497-22733
20 135 0358 2 31326-31566-31684
20 048 0336 2 9879-10003-10215
20 124 0324 2 28308-28400-28632
20 029 0321 2 5993-6089-6314
20 121 0321 2 27315-27555-27636
20 068 0320 2 14784-14892-15104

21 120 0459 2 27222-27498-27681
21 051 0456 3 11945-12053-12293-12401
21 024 0453 2 5315-5555-5768
21 033 0448 2 7629-7766-8077
21 144 0435 2 33637-33877-34072
21 132 0405 2 30186-30291-30591
21 135 0397 2 30929-31169-31326
21 003 0388 2 429-669-817
21 142 0386 2 33086-33326-33472
21 077 0372 2 17462-17534-17834
21 123 0366 2 28089-28227-28455
21 141 0364 2 32722-32962-33086
21 136 0358 2 31326-31566-31684
21 019 0347 2 3957-4221-4304
21 083 0345 2 18813-18942-19158
21 023 0333 2 4982-5096-5315
21 036 0324 2 8563-8695-8887
21 075 0324 2 16880-17024-17204
21 096 0316 2 21981-22133-22297
21 004 0312 2 817-961-1129
21 074 0312 2 16568-16664-16880
21 104 0310 2 23708-23838-24018
21 103 0308 2 23400-23472-23708

22 032 0693 3 7047-7199-7439-7740
22 079 0672 4 18150-18240-18480-18720-18822
22 036 0594 3 8604-8748-8988-9198
22 097 0588 3 22782-23022-23262-23370
22 135 0579 3 33086-33326-33566-33665
22 111 0510 3 26379-26513-26753-26889
22 087 0437 2 20357-20597-20794
22 041 0432 2 10136-10280-10568
22 105 0420 2 24894-25134-25314
22 128 0397 2 30929-31169-31326
22 034 0396 2 7896-8136-8292
22 095 0384 2 22242-22362-22626
22 043 0369 2 10778-10883-11147
22 003 0366 2 492-624-858
22 114 0366 2 27309-27549-27675
22 134 0364 2 32722-32962-33086
22 129 0358 2 31326-31566-31684
22 082 0351 2 19164-19275-19515
22 039 0339 2 9637-9772-9976
22 125 0336 2 30095-30167-30431
22 035 0312 2 8292-8442-8604
22 106 0306 2 25314-25434-25620

23 029 0919 4 5888-6128-6368-6608-6807
23 103 0660 3 25331-25571-25811-25991
23 096 0588 3 23180-23420-23620-23768
23 106 0553 3 26309-26430-26670-26862
23 122 0522 3 30806-30934-31174-31328
23 098 0504 2 23960-24200-24464
23 038 0489 3 8625-8775-9015-9114
23 062 0474 2 14617-14857-15091
23 130 0471 2 33502-33656-33973
23 042 0461 2 9899-10139-10360
23 114 0456 3 29041-29161-29401-29497
23 078 0443 2 18927-19167-19370
23 025 0442 2 4807-5087-5249
23 074 0438 2 17487-17640-17925
23 061 0420 3 14197-14293-14533-14617
23 129 0414 2 33088-33328-33502
23 109 0408 2 27382-27622-27790
23 110 0407 2 27790-28030-28197
23 076 0405 2 18321-18624-18726
23 075 0396 2 17925-18165-18321
23 128 0364 2 32724-32964-33088
23 123 0358 2 31328-31568-31686
23 040 0327 2 9273-9414-9600
23 107 0324 2 26862-27102-27186
23 073 0317 2 17170-17271-17487

24 124 0912 4 29141-29278-29518-29758-30053
24 039 0546 3 8628-8772-9012-9174
24 116 0474 2 26831-27071-27305
24 029 0471 2 6225-6465-6696
24 122 0414 2 28541-28781-28955
24 136 0401 2 33086-33326-33487
24 086 0400 2 19621-19735-20021
24 129 0397 2 30929-31169-31326
24 118 0390 2 27545-27785-27935
24 111 0383 2 25601-25841-25984
24 094 0381 2 21791-21875-22172
24 135 0364 2 32722-32962-33086
24 047 0363 2 10718-10862-11081
24 130 0358 2 31326-31566-31684
24 030 0351 2 6696-6936-7047
24 106 0344 2 24451-24595-24795
24 085 0342 2 19279-19399-19621
24 024 0336 2 5046-5286-5382
24 079 0333 2 17867-18017-18200
24 045 0330 2 10196-10334-10526
24 138 0321 2 33667-33907-33988
24 053 0315 2 12118-12193-12433
24 078 0314 2 17553-17705-17867

25 038 0687 3 7839-8079-8319-8526
25 126 0570 3 27472-27712-27952-28042
25 137 0518 3 30810-30934-31174-31328
25 130 0492 3 28583-28727-28967-29075
25 135 0481 2 30119-30401-30600
25 063 0480 2 13462-13702-13942
25 083 0410 2 18104-18344-18514
25 147 0403 2 33584-33824-33987
25 102 0366 2 22482-22722-22848
25 144 0363 2 32724-32964-33087
25 134 0348 2 29771-30011-30119
25 033 0330 2 6693-6837-7023
25 085 0330 2 18721-18841-19051
25 001 0320 2 0-122-320

26 143 0720 3 33085-33325-33565-33805
26 083 0633 3 19289-19586-19826-19922
26 040 0565 3 8232-8361-8601-8797
26 137 0544 3 31341-31449-31689-31885
26 050 0464 3 11329-11441-11681-11793
26 069 0437 2 15837-16077-16274
26 115 0402 2 26525-26821-26927
26 086 0372 2 20315-20615-20687
26 031 0360 2 6156-6396-6516
26 044 0348 2 9593-9833-9941
26 052 0338 2 12037-12189-12375
26 065 0336 2 14794-14914-15130
26 043 0332 2 9261-9353-9593
26 025 0324 2 4875-5115-5199
26 106 0324 2 24607-24715-24931
26 077 0324 2 17866-17989-18190
26 049 0316 2 11013-11089-11329
26 105 0315 2 24292-24436-24607
26 041 0307 2 8797-8935-9104
26 039 0306 2 7926-8007-8232
