14 084 0545 2 17141-17381-17686
14 114 0491 3 24931-25054-25294-25422
14 126 0490 2 27749-28041-28239
14 111 0455 3 24145-24256-24496-24600
14 058 0453 2 11429-11669-11882
14 105 0450 2 22195-22435-22645
14 077 0409 2 15336-15445-15745
14 110 0408 2 23737-23977-24145
14 144 0405 3 31630-31700-31940-32035
14 148 0363 2 32748-32881-33111
14 149 0362 2 33111-33351-33473
14 109 0338 2 23399-23509-23737
14 046 0330 2 8888-8990-9218
14 108 0324 2 23075-23225-23399
14 082 0319 2 16663-16765-16982
14 118 0313 2 26057-26175-26370
14 095 0306 2 20044-20182-20350
14 091 0306 2 19096-19204-19402

15 020 0938 4 3885-4125-4365-4605-4823
15 028 0843 4 6717-7000-7240-7480-7560
15 031 0690 3 7971-8265-8505-8661
15 083 0513 2 20231-20471-20744
15 033 0495 3 8865-9000-9240-9360
15 026 0451 2 6022-6262-6473
15 133 0405 2 31630-31940-32035
15 085 0405 2 20913-21027-21318
15 086 0387 2 21318-21441-21705
15 082 0366 2 19865-20009-20231
15 067 0364 2 15923-16066-16287
15 137 0363 2 32748-32880-33111
15 107 0363 2 25769-26009-26132
15 129 0362 2 30470-30558-30832
15 072 0355 2 17311-17551-17666
15 138 0348 2 33111-33351-33459
15 023 0346 2 5302-5422-5648
15 115 0345 2 27577-27687-27922
15 068 0345 2 16287-16406-16632
15 111 0323 2 26669-26794-26992
15 080 0312 2 19344-19467-19656
15 045 0312 2 11510-11621-11822
15 005 0309 2 792-924-1101
15 076 0306 2 18366-18516-18672

16 029 0583 3 5889-6129-6369-6472
16 071 0486 3 15293-15416-15656-15779
16 146 0467 2 30807-31047-31274
16 017 0384 2 3045-3189-3429
16 021 0363 2 3960-4095-4323
16 153 0363 2 32747-32879-33110
16 062 0345 2 13255-13392-13600
16 149 0335 2 31699-31939-32034
16 100 0332 2 21488-21582-21820
16 032 0322 2 6856-7096-7178
16 003 0317 2 323-440-640
16 086 0307 2 18570-18686-18877

17 136 2160 9 30341-30581-30821-31061-31301-31541-31781-32021-32261-32501
17 020 0720 4 3895-4018-4258-4498-4615
17 137 0609 3 32501-32741-32981-33110
17 037 0485 3 8611-8763-9003-9096
17 062 0483 3 13975-14116-14356-14458
17 130 0451 3 28796-28916-29156-29247
17 088 0438 3 19481-19596-19836-19919
17 058 0424 2 12848-13088-13272
17 093 0406 2 20677-20795-21083
17 030 0390 2 6745-7045-7135
17 100 0364 2 22497-22641-22861
17 096 0358 2 21436-21591-21794
17 075 0331 2 16919-17052-17250
17 113 0330 2 25355-25595-25685
17 021 0321 2 4615-4762-4936
17 141 0321 2 33774-33864-34095
17 133 0309 2 29607-29739-29916
17 051 0309 2 11511-11639-11820
17 019 0308 2 3587-3722-3895

18 159 3567 15 43032-43272-43512-43752-43992-44232-44472-44712-44952-45192-45432-45672-45912-46152-46392-46599
18 148 0750 4 39895-40039-40279-40519-40645
18 072 0705 3 17491-17731-17971-18196
18 114 0650 3 29656-29896-30136-30306
18 106 0644 3 27039-27144-27384-27683
18 079 0630 3 19517-19757-19997-20147
18 129 0609 3 34306-34546-34786-34915
18 109 0592 3 28106-28233-28473-28698
18 116 0511 3 30691-30813-31053-31202
18 021 0510 2 4503-4813-5013
18 103 0504 2 25893-26133-26397
18 042 0500 3 9962-10115-10355-10462
18 013 0469 3 2528-2671-2911-2997
18 036 0447 2 8410-8650-8857
18 096 0441 3 23917-24037-24277-24358
18 024 0440 2 5400-5704-5840
18 055 0435 2 13050-13290-13485
18 140 0414 2 37851-38091-38265
18 131 0413 2 35162-35278-35575
18 073 0402 2 18196-18436-18598
18 115 0385 2 30306-30452-30691
18 083 0385 2 20855-21142-21240
18 100 0378 2 25019-25259-25397
18 061 0373 2 14823-14907-15196
18 121 0349 2 32119-32204-32468
18 134 0348 2 36097-36235-36445
18 105 0348 2 26691-26931-27039
18 084 0341 2 21240-21364-21581
18 147 0339 2 39556-39796-39895
18 070 0336 2 16963-17203-17299
18 132 0330 2 35575-35665-35905
18 112 0330 2 29114-29264-29444
18 138 0327 2 37248-37335-37575
18 088 0324 2 22183-22423-22507
18 068 0318 2 16468-16552-16786
18 102 0316 2 25577-25689-25893
18 137 0314 2 36934-37174-37248
18 059 0308 2 14279-14429-14587
