01 027 0910 4 5747-5850-6100-6350-6657
01 126 0750 3 31267-31517-31767-32017
01 050 0657 3 12258-12390-12640-12915
01 130 0560 2 32864-33114-33424
01 103 0516 2 25607-25881-26123
01 026 0500 2 5247-5497-5747
01 038 0465 2 8742-8895-9207
01 049 0465 2 11793-12043-12258
01 086 0441 2 21109-21241-21550
01 048 0438 2 11355-11487-11793
01 127 0437 2 32017-32267-32454
01 132 0396 2 33700-33950-34096
01 125 0394 2 30873-31123-31267
01 106 0390 2 26639-26723-27029
01 093 0387 2 23057-23307-23444
01 097 0378 2 24116-24254-24494
01 041 0376 2 9645-9771-10021
01 111 0376 2 27914-28040-28290
01 079 0363 2 19255-19505-19618
01 119 0359 2 29452-29731-29811
01 091 0353 2 22440-22568-22793
01 057 0347 2 14379-14511-14726
01 084 0320 2 20477-20614-20797
01 123 0317 2 30364-30516-30681
01 085 0312 2 20797-20923-21109

02 135 1187 5 31913-32163-32413-32663-32913-33100
02 137 0811 3 33260-33510-33760-34071
02 011 0655 3 2047-2202-2452-2702
02 013 0557 2 3055-3305-3612
02 102 0540 2 23704-23954-24244
02 090 0462 3 20698-20794-21044-21160
02 041 0456 3 9430-9502-9752-9886
02 039 0432 3 8796-8868-9118-9228
02 042 0417 2 9886-10027-10303
02 134 0406 2 31507-31639-31913
02 074 0366 2 16882-17132-17248
02 114 0354 2 26964-27084-27318
02 104 0354 2 24411-24561-24765
02 054 0354 2 12473-12723-12827
02 012 0353 2 2702-2805-3055
02 006 0348 2 948-1198-1296
02 085 0348 2 19420-19564-19768
02 068 0348 2 15516-15766-15864
02 087 0342 2 19996-20140-20338
02 111 0336 2 26136-26232-26472
02 101 0336 2 23368-23512-23704
02 091 0336 2 21160-21280-21496
02 098 0327 2 22630-22753-22957
02 124 0312 2 29214-29292-29526

03 151 0811 3 33259-33509-33759-34070
03 017 0758 4 3462-3617-3867-4117-4220
03 148 0750 3 31912-32162-32412-32662
03 019 0557 2 4470-4720-5027
03 001 0528 3 0-132-382-528
03 121 0504 3 26183-26327-26577-26687
03 149 0437 2 32662-32912-33099
03 045 0405 3 10303-10381-10631-10708
03 103 0357 2 22301-22454-22658
03 127 0354 2 27728-27978-28082
03 025 0336 2 6007-6257-6343
03 026 0324 2 6343-6451-6667
03 114 0324 2 24665-24915-24989
03 050 0318 2 11581-11731-11899
03 032 0311 2 7616-7714-7927

04 138 1187 5 31912-32162-32412-32662-32912-33099
04 005 0807 3 1319-1569-1819-2126
04 004 0759 4 560-714-964-1214-1319
04 021 0600 3 5110-5233-5483-5710
04 133 0519 3 30553-30706-30956-31072
04 140 0500 2 33259-33509-33759
04 099 0483 3 22926-23025-23275-23409
04 075 0439 2 17194-17333-17633
04 112 0432 2 25745-25874-26177
04 051 0396 2 11844-11943-12240
04 132 0387 2 30166-30271-30553
04 078 0368 2 18166-18318-18534
04 095 0354 2 21966-22216-22320
04 114 0333 2 26381-26631-26714
04 029 0330 2 7015-7153-7345
04 046 0318 2 10680-10797-10998
04 076 0309 2 17633-17705-17942
04 023 0306 2 5875-5971-6181

05 136 1000 4 31784-32034-32284-32534-32784
05 065 0687 3 15510-15642-15892-16197
05 007 0654 3 1400-1554-1804-2054
05 008 0605 3 2054-2159-2409-2659
05 063 0516 3 14808-14946-15196-15324
05 015 0486 3 3912-4002-4252-4398
05 004 0476 3 520-601-851-996
05 055 0438 2 12894-13029-13332
05 123 0419 3 28838-28921-29171-29257
05 079 0408 2 19097-19389-19505
05 048 0405 2 11224-11543-11629
05 105 0387 2 25048-25144-25435
05 070 0371 2 16946-17196-17317
05 104 0344 2 24704-24844-25048
05 046 0321 2 10702-10828-11023
05 017 0318 2 4710-4848-5028

06 129 0937 4 32018-32268-32518-32768-32955
06 118 0720 4 28721-28811-29061-29311-29441
06 018 0654 3 4349-4503-4753-5003
06 011 0588 3 2630-2732-2982-3218
06 020 0557 2 5358-5608-5915
06 111 0477 3 26826-26928-27178-27303
06 055 0476 2 13681-13931-14157
06 123 0444 2 30329-30479-30773
06 116 0444 2 27968-28218-28412
06 007 0430 2 1577-1851-2007
06 047 0417 2 11784-11928-12201
06 090 0409 2 21815-21950-22224
06 056 0385 2 14157-14241-14542
06 128 0382 2 31636-31768-32018
06 095 0366 2 23067-23187-23433
06 035 0363 2 8851-9101-9214
06 019 0355 2 5003-5108-5358
06 083 0349 2 20044-20143-20393
06 101 0341 2 24420-24670-24761
06 004 0330 2 747-891-1077
06 036 0312 2 9214-9343-9526
06 126 0311 2 31157-31295-31468
06 070 0309 2 17436-17532-17745
06 086 0308 2 20860-20974-21168
06 044 0306 2 10939-11059-11245

07 140 1288 6 31225-31326-31576-31826-32076-32326-32513
07 142 0500 2 32673-32923-33173
07 109 0468 2 24577-24863-25045
07 016 0438 2 3753-3903-4191
07 008 0405 2 1638-1793-2043
07 076 0384 2 17702-17810-18086
07 033 0378 2 7557-7635-7935
07 131 0378 2 29149-29221-29527
07 003 0370 2 345-465-715
07 053 0357 2 12465-12618-12822
07 009 0354 2 2043-2293-2397
07 041 0345 2 9708-9825-10053
07 055 0342 2 13158-13408-13500
07 054 0336 2 12822-12930-13158
07 114 0324 2 25717-25967-26041
07 010 0322 2 2397-2647-2719
07 093 0315 2 21443-21572-21758

08 136 1271 6 31792-31876-32126-32376-32626-32876-33063
08 085 0530 3 19071-19188-19438-19601
08 104 0492 3 24165-24237-24487-24657
08 019 0485 2 4398-4648-4883
08 100 0432 2 22995-23127-23427
08 018 0425 3 3973-4076-4326-4398
08 074 0421 3 16625-16723-16973-17046
08 006 0420 2 975-1225-1395
08 064 0390 2 14347-14491-14737
08 051 0385 2 11305-11450-11690
08 033 0372 2 7546-7696-7918
08 102 0357 2 23613-23721-23970
08 094 0357 2 21347-21491-21704
08 107 0348 2 25235-25349-25583
08 098 0335 2 22474-22618-22809
08 009 0324 2 1875-2125-2199
08 106 0323 2 24912-24996-25235
08 092 0322 2 20831-20903-21153
08 132 0315 2 30859-30982-31174
08 097 0314 2 22160-22274-22474
08 052 0313 2 11690-11787-12003
08 032 0312 2 7234-7366-7546

09 133 1250 5 31784-32097-32347-32597-32847-33034
09 078 0624 3 17981-18077-18327-18605
09 080 0606 3 18851-18962-19212-19457
09 035 0531 3 7869-8016-8266-8400
09 076 0522 2 17243-17547-17765
09 135 0500 2 33194-33444-33694
09 067 0492 3 14809-14905-15155-15301
09 010 0485 2 2409-2659-2894
09 008 0467 2 1482-1732-1949
09 130 0462 3 30956-31052-31302-31418
09 009 0460 3 1949-2087-2337-2409
09 088 0426 2 20859-21009-21285
09 128 0396 2 30207-30327-30603
09 121 0390 2 28551-28695-28941
09 101 0381 2 24168-24418-24549
09 018 0378 2 4443-4693-4821
09 129 0353 2 30603-30735-30956
09 072 0341 2 16230-16382-16571
09 015 0330 2 3669-3759-3999
09 106 0330 2 25429-25573-25759
09 091 0324 2 21679-21811-22003
09 003 0306 2 324-468-630

10 129 1133 5 31967-32217-32467-32717-32967-33100
10 126 0647 3 30503-30650-30900-31150
10 132 0585 3 33510-33760-34010-34095
10 107 0581 3 25324-25449-25699-25905
10 006 0525 3 1214-1310-1560-1739
10 026 0507 3 6810-6882-7132-7317
10 017 0500 2 4047-4297-4547
10 019 0485 2 4974-5224-5459
10 095 0462 2 22390-22640-22852
10 127 0436 3 31150-31250-31500-31586
10 018 0427 3 4547-4652-4902-4974
10 125 0423 3 30080-30170-30420-30503
10 029 0411 2 7848-8098-8259
10 064 0411 2 15297-15390-15708
10 109 0408 2 26202-26328-26610
10 037 0384 2 9640-9736-10024
10 128 0381 2 31586-31717-31967
10 116 0375 2 28197-28275-28572
10 030 0360 2 8259-8331-8619
10 012 0354 2 2853-3103-3207
10 114 0342 2 27693-27943-28035
10 100 0342 2 23661-23793-24003
10 054 0336 2 13099-13349-13435
10 066 0334 2 15971-16055-16305
10 102 0324 2 24243-24393-24567
10 110 0312 2 26610-26748-26922

11 125 1331 6 31768-31912-32162-32412-32662-32912-33099
11 012 0759 4 2430-2584-2834-3084-3189
11 087 0600 3 21449-21557-21807-22049
11 014 0557 3 3439-3511-3761-3996
11 127 0500 2 33259-33509-33759
11 032 0498 2 7958-8208-8456
11 115 0492 3 28972-29110-29360-29464
11 109 0480 3 27280-27406-27656-27760
11 079 0440 2 19542-19792-19982
11 023 0439 2 5575-5702-6014
11 036 0438 3 9053-9131-9381-9491
11 108 0429 3 26851-26956-27206-27280
11 078 0403 2 19139-19292-19542
11 037 0396 2 9491-9599-9887
11 029 0390 2 7055-7205-7445
11 038 0378 2 9887-9977-10265
11 106 0378 2 26152-26402-26530
11 077 0375 2 18764-19014-19139
11 056 0360 2 13907-14051-14267
11 124 0354 2 31414-31540-31768
11 128 0335 2 33759-34009-34094
11 075 0330 2 18164-18254-18494
11 072 0330 2 17327-17577-17657
11 121 0324 2 30655-30799-30979
11 116 0324 2 29464-29584-29788
11 107 0321 2 26530-26671-26851

12 117 1000 4 29322-29572-29822-30072-30322
12 009 0654 3 2670-2824-3074-3324
12 011 0557 3 3679-3751-4001-4236
12 044 0555 3 11427-11580-11830-11982
12 001 0528 3 0-132-382-528
12 065 0528 2 16716-17014-17244
12 119 0500 2 30574-30824-31074
12 006 0462 2 1800-2050-2262
12 110 0450 2 27338-27588-27788
12 002 0438 3 528-612-862-966
12 095 0420 2 23798-23942-24218
12 114 0408 2 28394-28644-28802
12 072 0387 2 18777-18849-19164
12 131 0360 2 33506-33590-33866
12 068 0360 2 17814-18064-18174
12 045 0360 2 11982-12232-12342
12 010 0355 2 3324-3429-3679
12 066 0336 2 17244-17364-17580
12 077 0333 2 19971-20113-20304
12 020 0324 2 5869-5989-6193
12 060 0322 2 15519-15663-15841

13 140 0892 4 33202-33452-33702-33952-34094
13 138 0858 4 31844-31952-32202-32452-32702
13 013 0603 3 3233-3483-3733-3836
13 139 0500 2 32702-32952-33202
13 050 0456 2 12420-12670-12876
13 028 0432 3 6783-6891-7141-7215
13 033 0417 3 8380-8470-8720-8797
13 008 0408 2 1860-2110-2268
13 054 0396 2 13566-13662-13962
13 030 0393 2 7425-7675-7818
13 006 0390 2 1284-1534-1674
13 064 0384 2 15990-16062-16374
13 001 0381 2 0-274-381
13 053 0360 2 13206-13290-13566
13 037 0342 2 9613-9863-9955
13 106 0336 2 25169-25419-25505
13 041 0334 2 10489-10573-10823
13 048 0330 2 11916-12166-12246
13 034 0324 2 8797-8935-9121
13 014 0322 2 3836-4086-4158
13 011 0321 2 2646-2736-2967
13 093 0318 2 22346-22496-22664
13 090 0317 2 21665-21815-21982
13 109 0309 2 25988-26117-26297
13 032 0306 2 8074-8218-8380
