14 114 1053 5 21972-22068-22308-22548-22788-23025
14 135 0796 4 27040-27280-27520-27760-27836
14 153 0702 3 30737-30977-31217-31439
14 130 0594 2 25231-25522-25825
14 091 0582 3 16975-17215-17455-17557
14 110 0580 3 20936-21036-21276-21516
14 134 0573 2 26467-26767-27040
14 156 0480 2 31959-32199-32439
14 043 0468 2 7738-8038-8206
14 062 0430 3 11035-11132-11372-11465
14 066 0402 2 12082-12322-12484
14 059 0384 2 10373-10640-10757
14 009 0330 2 1429-1669-1759

15 041 0730 4 7580-7664-7904-8144-8310
15 047 0600 3 9075-9315-9555-9675
15 027 0480 2 4509-4749-4989
15 179 0480 2 33234-33474-33714
15 009 0464 3 1339-1432-1672-1803
15 159 0411 2 29187-29427-29598
15 108 0366 2 21191-21431-21557
15 086 0357 2 16995-17235-17352
15 079 0335 2 15515-15616-15850
15 168 0318 2 30744-30828-31062

16 162 1286 6 31421-31507-31747-31987-32227-32467-32707
16 116 1058 5 22161-22401-22641-22881-23121-23219
16 163 0720 3 32707-32947-33187-33427
16 026 0540 3 4233-4326-4566-4773
16 038 0501 3 7061-7143-7383-7562
16 125 0462 3 24457-24559-24799-24919
16 057 0453 3 10884-10965-11205-11337
16 064 0429 3 12824-12918-13158-13253
16 132 0401 2 25876-26116-26277
16 043 0378 2 8166-8406-8544
16 035 0357 2 6299-6569-6656
16 003 0352 2 298-538-650
16 077 0348 2 15526-15766-15874
16 023 0336 2 3645-3885-3981
16 059 0327 2 11538-11625-11865
16 027 0324 2 4773-5013-5097

17 142 0510 2 26964-27234-27474
17 165 0480 2 33234-33474-33714
17 163 0480 2 32514-32754-32994
17 162 0480 2 32034-32274-32514
17 044 0465 2 7747-8017-8212
17 117 0456 3 21287-21380-21620-21743
17 069 0438 2 12331-12571-12769
17 125 0434 2 23300-23540-23734
17 157 0427 2 30662-30902-31089
17 160 0426 2 31368-31608-31794
17 023 0422 3 3775-3859-4099-4197
17 072 0393 2 13037-13120-13430
17 143 0389 2 27474-27714-27863
17 124 0387 2 22913-22991-23300
17 138 0376 2 26095-26383-26471
17 110 0366 2 19903-19993-20269
17 130 0363 2 24388-24628-24751
17 064 0363 2 11368-11608-11731
17 042 0339 2 7285-7525-7624
17 074 0339 2 13580-13820-13919
17 031 0330 2 5478-5718-5808
17 156 0318 2 30344-30434-30662

18 162 1440 6 32515-32755-32995-33235-33475-33715-33955
18 075 0666 4 14698-14788-15028-15268-15364
18 155 0599 3 30710-30950-31190-31309
18 062 0539 2 11515-11755-12054
18 043 0525 2 7593-7833-8118
18 113 0516 2 23033-23315-23549
18 161 0482 2 32033-32275-32515
18 109 0480 2 21816-22056-22296
18 031 0453 2 4815-5055-5268
18 035 0412 3 6027-6115-6355-6439
18 033 0393 2 5490-5730-5883
18 150 0378 2 29795-30035-30173
18 112 0375 2 22658-22898-23033
18 080 0372 2 16222-16462-16594
18 067 0372 2 12675-12915-13047
18 055 0361 2 9990-10230-10351
18 084 0330 2 17159-17253-17489
18 058 0317 2 10752-10845-11069

19 171 1200 5 32515-32755-32995-33235-33475-33715
19 116 0657 3 21160-21259-21499-21817
19 114 0657 3 20335-20575-20815-20992
19 098 0549 3 16953-17027-17267-17502
19 159 0540 2 30047-30287-30587
19 078 0487 3 12962-13046-13286-13449
19 126 0445 2 23984-24224-24429
19 123 0401 2 23035-23275-23436
19 125 0366 2 23618-23702-23984
19 017 0363 2 2889-3129-3252
19 112 0336 2 19881-20121-20217
19 117 0324 2 21817-21911-22141
19 051 0317 2 8370-8456-8687
19 101 0313 2 17782-17880-18095
19 006 0306 2 787-881-1093

20 148 0771 3 26820-27060-27300-27591
20 044 0678 4 7445-7550-7790-8030-8123
20 144 0624 3 25644-25884-26124-26268
20 002 0519 2 151-391-670
20 180 0480 2 33423-33663-33903
20 045 0434 3 8123-8195-8435-8557
20 113 0432 2 18799-19039-19231
20 034 0392 2 5398-5638-5790
20 135 0392 2 23374-23614-23766
20 132 0380 2 22543-22783-22923
20 141 0360 2 24737-24977-25097
20 143 0356 2 25288-25528-25644
20 099 0350 2 16431-16671-16781
20 155 0347 2 28482-28722-28829
20 179 0341 2 33082-33183-33423
20 125 0330 2 21376-21481-21706
20 136 0324 2 23766-24006-24090

21 188 1200 5 32754-32994-33234-33474-33714-33954
21 121 0408 3 20573-20651-20891-20981
21 156 0398 2 26817-27057-27215
21 099 0367 2 16516-16756-16883
21 060 0360 2 9096-9183-9456
21 108 0343 2 18222-18465-18565
21 067 0342 2 10687-10927-11029
21 130 0327 2 22135-22225-22462
21 017 0314 2 2281-2383-2595

22 187 1438 6 32754-32994-33234-33474-33714-33954-34192
22 185 0482 2 32032-32274-32514
22 027 0436 2 4553-4793-4989
22 139 0413 2 23893-24172-24306
22 126 0405 2 21672-21912-22077
22 023 0393 2 3589-3673-3982
22 098 0344 2 17009-17249-17353
22 055 0330 2 9185-9425-9515

23 171 0960 4 32033-32273-32513-32751-32993
23 174 0722 3 33473-33713-33953-34195
23 099 0539 2 19146-19386-19685
23 023 0533 2 4287-4527-4820
23 125 0447 2 23820-24094-24267
23 168 0441 3 31244-31316-31556-31685
23 012 0440 2 2359-2599-2799
23 081 0408 2 15466-15769-15874
23 010 0397 2 1833-2142-2230
23 051 0388 2 9605-9845-9993
23 003 0384 2 264-504-648
23 083 0375 2 15993-16236-16368
23 049 0363 2 9129-9219-9492
23 165 0362 2 30513-30753-30875
23 068 0344 2 13044-13284-13388
23 044 0314 2 8021-8105-8335
23 076 0311 2 14465-14543-14776

24 165 2160 9 32032-32274-32514-32754-32994-33234-33474-33714-33954-34192
24 090 0627 3 16931-17171-17411-17558
24 033 0535 2 6033-6273-6568
24 125 0450 2 24203-24443-24653
24 088 0410 2 16409-16649-16819
24 024 0403 2 3956-4059-4359
24 092 0382 2 17693-17996-18075
24 038 0363 2 7357-7642-7720
24 025 0356 2 4359-4599-4715
24 058 0355 2 11093-11333-11448
24 086 0345 2 15944-16184-16289
24 036 0342 2 6904-7144-7246
24 132 0336 2 25898-26138-26234
24 158 0334 2 30692-30932-31026
24 154 0327 2 29989-30229-30316

25 002 0689 3 153-393-633-842
25 031 0637 3 5337-5577-5817-5974
25 181 0480 2 32511-32751-32991
25 180 0480 2 32031-32271-32511
25 055 0461 2 10268-10508-10729
25 059 0444 2 11265-11505-11709
25 039 0436 3 7127-7211-7451-7563
25 074 0398 3 14952-15036-15276-15350
25 066 0393 2 13123-13363-13516
25 077 0372 2 15595-15835-15967
25 043 0367 2 8093-8333-8460
25 065 0355 2 12768-13008-13123
25 054 0329 2 9939-10031-10268
25 170 0325 2 29968-30070-30293
25 063 0324 2 12248-12352-12572
25 101 0323 2 19601-19684-19924

26 159 0960 4 32274-32514-32754-32994-33234
26 160 0956 4 33234-33474-33714-33954-34190
26 136 0687 4 26491-26569-26809-27049-27178
26 078 0558 3 15436-15525-15765-15994
26 060 0543 2 11878-12118-12421
26 105 0526 2 20343-20583-20869
26 008 0522 2 1563-1803-2085
26 034 0473 2 6392-6632-6865
26 114 0415 2 22473-22777-22888
26 138 0405 2 27334-27429-27739
26 144 0394 2 28968-29208-29362
26 047 0379 2 9389-9629-9768
26 045 0373 2 8877-9117-9250
26 003 0369 2 358-447-727
26 049 0352 2 9947-10187-10299
26 006 0348 2 1102-1342-1450
26 009 0343 2 2085-2325-2428
26 156 0332 2 31400-31640-31732
26 012 0312 2 2767-2863-3079
