14 129 1250 5 31888-32138-32388-32638-32888-33138
14 130 0750 3 33138-33388-33638-33888
14 085 0515 2 20668-20957-21183
14 084 0500 2 20168-20418-20668
14 119 0498 2 29083-29333-29581
14 061 0478 3 13609-13704-13954-14087
14 108 0478 2 26207-26457-26685
14 080 0453 3 19040-19135-19385-19493
14 111 0431 2 27080-27330-27511
14 070 0430 3 16371-16466-16716-16801
14 048 0412 2 10501-10751-10913
14 019 0410 3 4000-4077-4327-4410
14 122 0406 2 30284-30534-30690
14 121 0406 2 29878-30128-30284
14 064 0406 2 14598-14693-15004
14 010 0385 2 1918-2054-2303
14 103 0379 2 25005-25158-25384
14 102 0353 2 24652-24902-25005
14 066 0339 2 15183-15272-15522
14 113 0335 2 27672-27922-28007
14 069 0335 2 16036-16286-16371
14 079 0334 2 18706-18956-19040
14 072 0323 2 16968-17099-17291
14 082 0319 2 19660-19755-19979
14 076 0310 2 17907-18002-18217

15 122 0886 4 31751-31887-32137-32387-32637
15 124 0750 3 33137-33387-33637-33887
15 067 0738 3 15805-16055-16305-16543
15 096 0575 3 24167-24417-24667-24742
15 113 0552 3 29255-29409-29659-29807
15 039 0515 3 8392-8518-8768-8907
15 123 0500 2 32637-32887-33137
15 078 0500 2 19403-19653-19903
15 069 0500 2 16820-17070-17320
15 044 0499 3 9862-9999-10249-10361
15 115 0499 2 30030-30280-30529
15 074 0496 2 18357-18607-18853
15 083 0482 2 20764-21083-21246
15 109 0479 2 28109-28413-28588
15 035 0469 2 7396-7646-7865
15 090 0465 2 22641-22891-23106
15 047 0455 2 10873-11017-11328
15 102 0412 3 26129-26206-26456-26541
15 027 0406 2 5427-5540-5833
15 103 0405 2 26541-26791-26946
15 071 0405 2 17527-17777-17932
15 105 0385 2 27119-27413-27504
15 060 0356 2 14087-14158-14443
15 101 0355 2 25774-25917-26129
15 028 0346 2 5833-5929-6179
15 046 0336 2 10537-10787-10873
15 063 0323 2 14916-15047-15239
15 043 0309 2 9553-9689-9862

16 127 0908 4 33139-33389-33639-33889-34047
16 125 0750 3 31889-32139-32389-32639
16 053 0602 3 14199-14449-14699-14801
16 001 0577 3 0-131-381-577
16 054 0566 2 14801-15117-15367
16 071 0558 2 19130-19380-19688
16 037 0537 3 9594-9689-9939-10131
16 015 0524 2 3856-4130-4380
16 033 0500 2 8484-8734-8984
16 126 0500 2 32639-32889-33139
16 082 0481 3 21775-21882-22132-22256
16 002 0456 2 577-827-1033
16 106 0453 2 27614-27864-28067
16 047 0444 2 12421-12671-12865
16 056 0404 2 15603-15853-16007
16 086 0402 2 22809-22906-23211
16 006 0385 2 1798-1934-2183
16 050 0370 2 13249-13332-13619
16 051 0359 2 13619-13869-13978
16 031 0348 2 7795-8045-8143
16 046 0345 2 12076-12177-12421
16 032 0341 2 8143-8393-8484
16 068 0332 2 18348-18479-18680
16 021 0322 2 5451-5576-5773
16 057 0316 2 16007-16156-16323
16 044 0314 2 11455-11543-11769
16 090 0311 2 23958-24095-24269
16 087 0310 2 23211-23360-23521
16 045 0307 2 11769-11906-12076

17 120 0907 4 33137-33387-33637-33887-34044
17 119 0750 3 32387-32637-32887-33137
17 049 0663 3 14612-14862-15112-15275
17 026 0611 3 7167-7278-7528-7778
17 047 0597 3 13771-13890-14140-14368
17 075 0595 3 21426-21676-21926-22021
17 034 0538 3 9594-9749-9999-10132
17 038 0518 3 11187-11263-11513-11705
17 118 0500 2 31887-32137-32387
17 036 0499 2 10438-10688-10937
17 072 0498 3 20470-20610-20860-20968
17 008 0490 2 1928-2178-2418
17 022 0477 3 5689-5808-6058-6166
17 011 0467 2 2794-3044-3261
17 069 0439 2 19542-19792-19981
17 002 0438 2 232-375-670
17 024 0429 2 6441-6691-6870
17 115 0423 3 30729-30818-31068-31152
17 007 0398 2 1530-1780-1928
17 012 0385 2 3261-3399-3646
17 027 0374 2 7778-7924-8152
17 117 0374 2 31513-31605-31887
17 116 0361 2 31152-31274-31513
17 033 0349 2 9245-9400-9594
17 046 0346 2 13425-13580-13771
17 044 0335 2 12917-13167-13252
17 112 0330 2 29955-30100-30285
17 096 0330 2 26209-26348-26539
17 070 0328 2 19981-20231-20309
17 111 0317 2 29638-29763-29955
17 006 0315 2 1215-1342-1530
17 080 0309 2 22841-22960-23150

18 121 1128 5 31759-31887-32137-32387-32637-32887
18 122 1000 4 32887-33137-33387-33637-33887
18 050 0620 3 13411-13565-13815-14031
18 032 0545 3 7922-8000-8250-8467
18 088 0488 3 23576-23682-23932-24064
18 068 0483 3 18818-18937-19187-19301
18 030 0478 2 7206-7513-7684
18 039 0476 3 9725-9868-10118-10201
18 051 0476 3 14031-14164-14414-14507
18 086 0467 3 22685-22818-23068-23152
18 087 0424 2 23152-23402-23576
18 055 0412 2 15328-15459-15740
18 058 0400 2 16231-16344-16631
18 061 0399 2 17078-17328-17477
18 067 0397 2 18421-18671-18818
18 102 0394 2 27115-27270-27509
18 117 0391 2 30739-30989-31130
18 047 0391 2 12598-12741-12989
18 043 0389 2 11200-11450-11589
18 013 0385 2 2949-3085-3334
18 004 0383 2 645-895-1028
18 046 0379 2 12219-12469-12598
18 040 0371 2 10201-10322-10572
18 097 0369 2 25874-25993-26243
18 052 0364 2 14507-14587-14871
18 026 0348 2 6189-6287-6537
18 023 0347 2 5429-5582-5776
18 091 0342 2 24505-24624-24847
18 042 0339 2 10861-11111-11200
18 008 0330 2 1753-1849-2083
18 044 0327 2 11589-11839-11916
18 005 0327 2 1028-1176-1355
18 022 0322 2 5107-5232-5429
18 112 0322 2 29426-29557-29748
18 081 0308 2 21634-21778-21942

19 125 1299 5 32748-32998-33248-33498-33748-34047
19 124 1000 4 31748-31998-32248-32498-32748
19 011 0943 4 2124-2374-2624-2874-3067
19 032 0750 3 8779-9029-9279-9529
19 034 0624 3 10029-10279-10529-10653
19 054 0540 3 15694-15837-16087-16234
19 115 0530 3 29492-29599-29849-30022
19 033 0500 2 9529-9779-10029
19 026 0490 3 6897-7004-7254-7387
19 113 0489 3 28765-28908-29158-29254
19 037 0472 2 11292-11542-11764
19 025 0465 2 6432-6682-6897
19 038 0437 2 11764-12014-12201
19 036 0400 2 10892-11142-11292
19 076 0394 2 20847-21126-21241
19 014 0385 2 3693-3831-4078
19 060 0383 2 17528-17671-17911
19 069 0378 2 19320-19612-19698
19 039 0368 2 12201-12344-12569
19 023 0355 2 5850-6100-6205
19 012 0355 2 3067-3317-3422
19 057 0344 2 16853-16947-17197
19 042 0336 2 13091-13341-13427
19 055 0331 2 16234-16341-16565
19 116 0324 2 30022-30272-30346
19 027 0316 2 7387-7518-7703

20 110 0768 4 25379-25468-25718-25968-26147
20 098 0719 3 22148-22398-22648-22867
20 132 0548 2 31471-31769-32019
20 094 0495 3 20796-20932-21182-21291
20 136 0466 2 32922-33172-33388
20 033 0465 3 7012-7155-7405-7477
20 121 0430 2 28631-28750-29061
20 113 0427 2 26726-26845-27153
20 073 0414 2 16101-16420-16515
20 134 0393 2 32349-32492-32742
20 031 0385 2 6344-6446-6729
20 049 0385 2 10712-10962-11097
20 137 0369 2 33388-33507-33757
20 065 0344 2 14378-14472-14722
20 095 0334 2 21291-21434-21625
20 079 0333 2 17567-17817-17900
20 055 0333 2 12216-12466-12549
20 027 0332 2 5468-5622-5800
20 133 0330 2 32019-32158-32349
20 044 0328 2 9390-9640-9718
20 129 0321 2 30637-30780-30958
20 046 0321 2 10017-10172-10338
20 014 0310 2 2792-2911-3102
20 011 0310 2 1992-2147-2302
