01 115 1000 4 32245-32495-32745-32995-33245
01 100 0654 3 27414-27602-27852-28068
01 103 0536 3 28611-28810-29060-29147
01 087 0516 3 23132-23290-23540-23648
01 099 0508 2 26906-27100-27414
01 116 0500 2 33245-33495-33745
01 075 0482 3 19540-19694-19944-20022
01 094 0465 3 25271-25371-25621-25736
01 020 0450 3 4959-5054-5304-5409
01 089 0391 2 23892-24142-24283
01 056 0382 2 14660-14857-15042
01 054 0380 2 14061-14311-14441
01 053 0378 2 13683-13861-14061
01 047 0374 2 12106-12301-12480
01 029 0366 2 7393-7564-7759
01 079 0364 2 20979-21129-21343
01 108 0361 2 30255-30445-30616
01 078 0350 2 20629-20818-20979
01 076 0344 2 20022-20126-20366
01 031 0339 2 8075-8254-8414
01 063 0328 2 16610-16860-16938
01 097 0320 2 26313-26448-26633
01 106 0319 2 29697-29947-30016
01 016 0317 2 3762-3935-4079
01 030 0316 2 7759-7908-8075
01 026 0316 2 6591-6701-6907
01 019 0307 2 4652-4822-4959
01 104 0307 2 29147-29227-29454
01 095 0307 2 25736-25876-26043
01 035 0306 2 9144-9311-9450

02 110 0750 3 32139-32389-32639-32889
02 112 0658 3 33389-33639-33889-34047
02 079 0639 3 22543-22739-22989-23182
02 094 0572 3 27159-27361-27611-27731
02 028 0550 3 7673-7876-8126-8223
02 111 0500 2 32889-33139-33389
02 084 0487 3 24225-24333-24583-24712
02 026 0466 3 6884-7015-7265-7350
02 022 0462 3 5556-5699-5949-6018
02 033 0446 3 9218-9317-9567-9664
02 044 0442 2 12319-12522-12761
02 070 0429 2 19604-19735-20033
02 092 0427 2 26451-26576-26878
02 078 0412 3 22131-22202-22452-22543
02 057 0412 3 16021-16113-16363-16433
02 108 0412 2 31370-31542-31782
02 054 0408 2 15145-15338-15553
02 074 0407 2 20951-21118-21358
02 107 0395 2 30975-31069-31370
02 073 0379 2 20572-20655-20951
02 109 0357 2 31782-31889-32139
02 096 0355 2 28012-28212-28367
02 008 0351 2 1653-1845-2004
02 065 0349 2 18155-18277-18504
02 104 0348 2 30121-30315-30469
02 047 0334 2 13321-13571-13655
02 039 0334 2 10993-11174-11327
02 024 0327 2 6320-6416-6647
02 027 0323 2 7350-7445-7673
02 031 0320 2 8691-8833-9011
02 069 0320 2 19284-19437-19604
02 035 0312 2 9907-10049-10219
02 014 0311 2 3309-3446-3620
02 037 0310 2 10434-10541-10744

03 105 1159 5 31523-31773-32023-32273-32523-32682
03 104 1094 5 30429-30523-30723-31023-31273-31523
03 093 0620 3 27333-27409-27659-27953
03 021 0612 3 5572-5763-6013-6184
03 053 0567 3 15619-15768-16018-16186
03 028 0566 3 7962-8119-8369-8528
03 110 0469 2 33579-33762-34048
03 090 0465 2 26184-26373-26649
03 040 0465 2 11582-11772-12047
03 013 0450 2 3131-3430-3581
03 017 0446 2 4396-4524-4842
03 082 0412 2 23957-24088-24369
03 043 0410 2 12541-12742-12951
03 044 0401 2 12951-13110-13352
03 067 0389 2 19802-20052-20191
03 064 0386 2 18933-19128-19319
03 046 0382 2 13589-13742-13971
03 022 0370 2 6184-6345-6554
03 031 0356 2 9207-9326-9563
03 091 0356 2 26649-26755-27005
03 006 0351 2 1245-1437-1596
03 030 0348 2 8859-8997-9207
03 086 0345 2 25134-25313-25479
03 037 0342 2 10759-10909-11101
03 025 0341 2 7086-7272-7427
03 069 0335 2 20427-20630-20762
03 029 0331 2 8528-8611-8859
03 080 0330 2 23379-23498-23709
03 059 0330 2 17582-17773-17912
03 092 0328 2 27005-27202-27333
03 075 0326 2 22080-22228-22406
03 103 0325 2 30104-30276-30429
03 026 0318 2 7427-7498-7745
03 024 0310 2 6776-6884-7086
03 054 0308 2 16186-16381-16494
03 057 0307 2 17003-17128-17310

04 118 2000 8 31887-32137-32387-32637-32887-33137-33387-33637-33887
04 029 0479 2 7650-7960-8129
04 028 0467 2 7183-7362-7650
04 088 0415 2 23514-23631-23929
04 048 0410 2 12603-12708-13013
04 090 0398 2 24144-24339-24542
04 024 0387 2 6071-6249-6458
04 052 0383 2 13847-14097-14230
04 074 0376 2 19810-19989-20186
04 091 0364 2 24542-24739-24906
04 103 0363 2 27938-28134-28301
04 082 0362 2 21941-22112-22303
04 068 0358 2 18111-18361-18469
04 044 0355 2 11547-11621-11902
04 092 0346 2 24906-25072-25252
04 107 0342 2 29125-29232-29467
04 020 0335 2 4962-5132-5297
04 086 0332 2 22978-23060-23310
04 094 0331 2 25469-25671-25800
04 115 0327 2 31076-31230-31403
04 069 0320 2 18469-18640-18789
04 056 0316 2 14957-15052-15273
04 023 0315 3 5756-5839-5946-6071
04 106 0315 2 28810-28904-29125
04 003 0306 2 507-621-813

05 115 1381 6 31756-31887-32137-32387-32637-32887-33137
05 116 0750 3 33137-33387-33637-33887
05 032 0687 3 7950-8149-8399-8637
05 048 0531 3 12614-12816-13066-13145
05 055 0472 2 15002-15169-15474
05 053 0441 3 14161-14232-14482-14602
05 082 0440 2 22669-22872-23109
05 054 0400 2 14602-14757-15002
05 084 0389 2 23329-23521-23718
05 041 0387 2 10527-10619-10914
05 018 0369 2 4307-4445-4676
05 101 0369 2 28080-28210-28449
05 089 0361 2 24672-24860-25033
05 013 0358 2 2942-3108-3300
05 058 0346 2 16095-16286-16441
05 075 0343 2 20655-20748-20998
05 062 0336 2 17284-17468-17620
05 056 0334 2 15474-15653-15808
05 090 0333 2 25033-25139-25366
05 078 0329 2 21535-21709-21864
05 065 0328 2 18193-18396-18521
05 096 0326 2 26656-26769-26982
05 043 0319 2 11150-11294-11469
05 044 0314 2 11469-11636-11783
05 063 0313 3 17620-17742-17813-17933
05 068 0313 2 18970-19104-19283
05 098 0312 3 27293-27409-27480-27605
05 114 0312 2 31444-31619-31756
05 102 0311 2 28449-28579-28760
05 097 0311 2 26982-27174-27293
05 059 0311 2 16441-16610-16752
05 107 0307 2 29768-29955-30075
05 005 0306 2 939-1053-1245
05 047 0306 2 12308-12436-12614

06 115 2000 8 31888-32138-32388-32638-32888-33138-33388-33638-33888
06 113 0467 2 31065-31383-31532
06 089 0462 2 24365-24516-24827
06 078 0407 2 21331-21527-21738
06 070 0405 2 18996-19151-19401
06 028 0403 2 7289-7539-7692
06 067 0401 2 18147-18237-18548
06 100 0399 2 27619-27810-28018
06 075 0398 2 20404-20587-20802
06 053 0397 2 14150-14344-14547
06 018 0387 2 4337-4511-4724
06 058 0386 2 15585-15692-15971
06 052 0370 2 13780-13947-14150
06 024 0367 2 6168-6368-6535
06 029 0364 2 7692-7882-8056
06 017 0357 2 3980-4154-4337
06 022 0356 2 5469-5647-5825
06 114 0356 2 31532-31710-31888
06 023 0343 2 5825-6006-6168
06 109 0342 2 30100-30214-30442
06 084 0340 2 23052-23213-23392
06 037 0338 2 9782-9953-10120
06 064 0335 2 17248-17350-17583
06 098 0334 2 27035-27238-27369
06 042 0333 2 11122-11312-11455
06 092 0313 2 25366-25532-25679
06 087 0308 2 23843-24038-24151
06 003 0306 2 508-622-814

07 116 1250 5 31887-32137-32387-32637-32887-33137
07 117 0750 3 33137-33387-33637-33887
07 089 0558 3 24287-24429-24679-24845
07 019 0518 3 5073-5197-5447-5591
07 014 0507 3 3387-3517-3767-3894
07 029 0434 2 8213-8359-8647
07 018 0416 2 4657-4828-5073
07 022 0408 3 6094-6171-6421-6502
07 091 0397 2 25119-25310-25516
07 059 0394 2 16145-16395-16539
07 070 0367 2 19303-19553-19670
07 071 0359 2 19670-19795-20029
07 087 0358 2 23720-23858-24078
07 033 0353 2 9474-9669-9827
07 115 0351 2 31536-31738-31887
07 026 0346 2 7365-7514-7711
07 065 0345 2 17782-17984-18127
07 010 0344 2 2278-2467-2622
07 045 0329 2 12530-12723-12859
07 031 0323 2 8872-9122-9195
07 066 0319 2 18127-18246-18446
07 023 0315 3 6502-6573-6698-6817
07 105 0313 2 28883-28988-29196
07 112 0312 3 30693-30776-30893-31005
07 003 0312 2 507-621-819
07 093 0309 2 25787-25908-26096
07 114 0308 2 31228-31369-31536
07 009 0306 2 1972-2158-2278

08 122 1158 5 32889-33139-33389-33639-33889-34047
08 121 0750 3 32139-32389-32639-32889
08 030 0633 3 7875-8070-8320-8508
08 066 0472 3 17287-17402-17652-17759
08 039 0452 2 10402-10604-10854
08 058 0443 3 15084-15202-15452-15527
08 115 0422 2 30249-30429-30671
08 120 0406 2 31733-31889-32139
08 117 0401 2 30880-31070-31281
08 018 0398 2 4418-4602-4816
08 112 0379 2 29409-29478-29788
08 085 0358 2 22262-22463-22620
08 008 0351 2 1725-1923-2076
08 025 0349 2 6376-6626-6725
08 049 0346 2 12925-13092-13271
08 017 0345 2 4073-4260-4418
08 029 0342 2 7533-7732-7875
08 068 0337 2 18013-18108-18350
08 019 0332 2 4816-4903-5148
08 091 0328 2 23952-24124-24280
08 089 0328 2 23305-23403-23633
08 105 0327 2 27552-27629-27879
08 002 0321 2 217-420-538
08 090 0319 2 23633-23752-23952
08 023 0310 2 5780-5911-6090
08 069 0306 2 18350-18458-18656

09 116 1250 5 32138-32388-32638-32888-33138-33388
09 108 0718 3 29667-29824-30074-30385
09 001 0565 2 0-250-565
09 117 0500 2 33388-33638-33888
09 050 0450 2 13742-13943-14192
09 072 0420 2 19743-19993-20163
09 033 0410 2 8647-8807-9057
09 035 0395 2 9310-9477-9705
09 032 0393 2 8254-8430-8647
09 080 0389 2 22079-22246-22468
09 073 0387 2 20163-20341-20550
09 066 0386 2 18123-18305-18509
09 051 0384 2 14192-14367-14576
09 102 0374 2 28008-28258-28382
09 038 0369 2 10282-10474-10651
09 047 0365 2 12798-13048-13163
09 037 0350 2 9932-10124-10282
09 048 0339 2 13163-13365-13502
09 109 0334 2 30385-30635-30719
09 061 0332 2 16776-16923-17108
09 081 0324 2 22468-22653-22792
09 046 0319 2 12479-12619-12798
09 003 0317 2 848-990-1165
09 031 0314 2 7940-8095-8254
09 101 0313 3 27695-27820-27897-28008
09 007 0312 2 1947-2061-2259
09 078 0309 2 21537-21715-21846
09 040 0309 2 10897-11028-11206
09 043 0307 2 11696-11794-12003

10 122 0715 3 33331-33581-33831-34046
10 113 0561 2 29843-30093-30404
10 072 0540 3 18314-18405-18655-18854
10 119 0487 2 31983-32233-32470
10 017 0465 2 4085-4399-4550
10 114 0464 3 30404-30510-30760-30868
10 121 0433 2 32898-33148-33331
10 120 0428 2 32470-32720-32898
10 107 0417 2 28232-28422-28649
10 093 0400 2 24355-24522-24755
10 028 0396 2 6843-7006-7239
10 081 0388 2 21131-21381-21519
10 058 0373 2 14719-14859-15092
10 077 0365 2 19928-20126-20293
10 051 0364 2 12846-13043-13210
10 104 0362 2 27419-27583-27781
10 045 0351 2 11232-11338-11583
10 097 0348 2 25515-25765-25863
10 074 0346 2 19076-19231-19422
10 037 0332 2 9216-9350-9548
10 079 0331 2 20550-20638-20881
10 118 0324 2 31659-31790-31983
10 009 0323 2 2000-2114-2323
10 092 0322 2 24033-24200-24355
10 031 0321 2 7674-7924-7995
10 117 0318 2 31341-31507-31659
10 049 0317 2 12308-12464-12625
10 055 0310 2 13870-14007-14180

11 112 1908 8 32139-32389-32639-32889-33139-33389-33639-33889-34047
11 103 0588 3 29543-29731-29981-30131
11 072 0577 3 19445-19588-19838-20022
11 097 0553 3 27314-27478-27728-27867
11 086 0479 2 23775-24072-24254
11 066 0446 2 17479-17607-17925
11 044 0430 2 11442-11645-11872
11 088 0420 3 24534-24616-24866-24954
11 075 0409 2 20447-20554-20856
11 094 0405 2 26287-26442-26692
11 082 0400 2 22424-22591-22824
11 003 0386 2 637-887-1023
11 098 0383 2 27867-28059-28250
11 027 0381 2 6886-7017-7267
11 067 0374 2 17925-18114-18299
11 070 0365 2 18723-18914-19088
11 022 0363 2 5603-5778-5966
11 102 0360 2 29183-29367-29543
11 071 0357 2 19088-19195-19445
11 052 0357 2 13738-13915-14095
11 085 0353 2 23422-23625-23775
11 099 0351 2 28250-28387-28601
11 090 0347 2 25204-25301-25551
11 001 0335 2 0-153-335
11 030 0334 2 7725-7859-8059
11 049 0329 2 12964-13155-13293
11 015 0325 3 3765-3847-3954-4090
11 019 0325 2 4845-4936-5170
11 095 0313 3 26692-26790-26882-27005
11 083 0312 2 22824-23023-23136
11 096 0309 2 27005-27183-27314
11 008 0306 2 1993-2107-2299

12 108 1644 7 31744-31888-32138-32388-32638-32888-33138-33388
12 096 0743 4 27814-27975-28225-28475-28557
12 038 0545 3 10222-10417-10667-10767
12 035 0537 3 9122-9305-9555-9659
12 039 0505 2 10767-10965-11272
12 084 0501 3 23532-23613-23863-24033
12 109 0500 2 33388-33638-33888
12 062 0483 2 17370-17553-17853
12 025 0474 2 6072-6249-6546
12 033 0463 2 8392-8552-8855
12 066 0442 2 18573-18765-19015
12 087 0435 2 24825-25017-25260
12 057 0435 2 15951-16201-16386
12 104 0432 2 30604-30854-31036
12 050 0423 3 13911-13983-14233-14334
12 092 0420 2 26433-26725-26853
12 102 0414 2 29944-30136-30358
12 085 0402 2 24033-24231-24435
12 086 0390 2 24435-24618-24825
12 056 0359 2 15592-15842-15951
12 094 0354 2 27183-27333-27537
12 080 0354 2 22401-22593-22755
12 076 0349 2 21355-21554-21704
12 011 0348 2 2524-2692-2872
12 093 0330 2 26853-27018-27183
12 088 0330 2 25260-25380-25590
12 068 0330 2 19252-19402-19582
12 098 0328 2 28879-29011-29207
12 090 0328 2 25899-26024-26227
12 075 0327 2 21028-21211-21355
12 097 0322 2 28557-28631-28879
12 027 0315 3 6750-6870-6951-7065
12 089 0309 2 25590-25707-25899
12 023 0308 2 5558-5681-5866
12 003 0306 2 507-621-813
12 009 0306 2 1972-2158-2278

13 118 1000 4 32138-32388-32638-32888-33138
13 081 0524 3 22234-22317-22567-22758
13 064 0505 3 17392-17558-17808-17897
13 040 0468 3 10225-10313-10563-10693
13 004 0464 2 794-1044-1258
13 100 0452 2 27501-27703-27953
13 048 0441 2 12526-12814-12967
13 054 0439 2 14424-14577-14863
13 071 0415 2 19419-19584-19834
13 051 0384 2 13520-13770-13904
13 034 0379 2 8637-8783-9016
13 055 0377 2 14863-15033-15240
13 029 0374 2 7315-7497-7689
13 090 0366 2 24888-25185-25254
13 056 0364 2 15240-15490-15604
13 098 0339 2 26919-27109-27258
13 050 0330 2 13190-13440-13520
13 120 0326 2 33406-33536-33732
13 016 0319 2 4029-4200-4348
13 079 0315 2 21634-21806-21949
13 121 0314 2 33732-33867-34046
13 009 0312 2 2257-2371-2569
13 018 0310 2 4576-4655-4886
13 077 0310 2 21112-21195-21422
13 015 0307 2 3722-3822-4029
