01 147 0597 3 34283-34380-34630-34880
01 032 0575 3 7528-7680-7930-8103
01 054 0507 3 13286-13386-13636-13793
01 033 0500 2 8103-8353-8603
01 031 0500 2 7028-7278-7528
01 149 0500 2 35166-35416-35666
01 025 0476 3 5406-5551-5801-5882
01 076 0434 2 18420-18567-18854
01 002 0411 2 155-263-566
01 086 0400 2 20803-21118-21203
01 145 0394 2 33709-33959-34103
01 042 0390 2 10372-10512-10762
01 068 0385 2 16507-16653-16892
01 151 0384 2 35866-36116-36250
01 052 0363 2 12756-12833-13119
01 037 0358 2 9158-9313-9516
01 111 0327 2 26340-26495-26667
01 003 0318 2 566-672-884
01 114 0315 2 27137-27291-27452
01 103 0313 2 24653-24800-24966
01 057 0309 2 14154-14290-14463
01 140 0308 2 32635-32712-32943

02 148 0699 3 33012-33262-33512-33711
02 024 0686 3 5728-5978-6228-6414
02 069 0645 3 15433-15510-15760-16078
02 022 0622 3 4531-4653-4903-5153
02 023 0575 3 5153-5305-5555-5728
02 146 0500 2 32224-32474-32724
02 019 0474 2 3594-3844-4068
02 101 0407 2 22903-23153-23310
02 091 0407 2 20620-20870-21027
02 149 0384 2 33711-33961-34095
02 049 0374 2 11251-11351-11625
02 046 0336 2 10572-10719-10908
02 135 0315 2 29782-29900-30097
02 007 0308 2 1019-1154-1327

03 059 0666 4 14314-14396-14646-14896-14980
03 006 0622 3 1152-1274-1524-1774
03 007 0575 3 1774-1926-2176-2349
03 008 0500 2 2349-2599-2849
03 038 0482 2 9404-9707-9886
03 060 0449 2 14980-15125-15429
03 058 0425 2 13889-14033-14314
03 142 0422 2 33672-33960-34094
03 102 0403 2 24627-24780-25030
03 114 0389 2 27539-27678-27928
03 096 0382 2 23197-23497-23579
03 127 0381 2 30309-30457-30690
03 062 0375 2 15613-15684-15988
03 086 0367 2 20977-21120-21344
03 014 0350 2 3844-3944-4194
03 022 0348 2 5700-5950-6048
03 050 0346 2 12121-12234-12467
03 141 0333 2 33339-33422-33672
03 003 0330 2 355-497-685
03 108 0330 2 26267-26415-26597
03 021 0324 2 5376-5486-5700
03 037 0322 2 9082-9219-9404
03 121 0321 2 29059-29195-29380
03 106 0319 2 25668-25775-25987
03 077 0309 2 18829-18980-19138

04 021 0622 3 4531-4653-4903-5153
04 141 0597 3 32128-32225-32475-32725
04 022 0575 3 5153-5305-5555-5728
04 023 0500 2 5728-5978-6228
04 144 0449 2 33261-33511-33710
04 032 0448 2 8015-8164-8463
04 053 0392 2 12869-13016-13261
04 145 0384 2 33710-33960-34094
04 120 0379 2 27492-27575-27871
04 061 0362 2 14683-14795-15045
04 084 0358 2 19875-20014-20233
04 139 0348 2 31600-31850-31948
04 044 0344 2 10698-10948-11042
04 083 0340 2 19535-19643-19875
04 016 0332 2 3278-3528-3610
04 126 0316 2 28918-29067-29234

05 146 0737 3 32972-33260-33510-33709
05 016 0622 3 3069-3191-3441-3691
05 017 0575 3 3691-3843-4093-4266
05 018 0500 2 4266-4516-4766
05 141 0471 3 31474-31551-31801-31945
05 113 0445 2 25096-25232-25541
05 070 0424 2 15736-15986-16160
05 147 0384 2 33709-33959-34093
05 136 0364 2 30093-30170-30457
05 034 0363 2 8167-8316-8530
05 137 0361 2 30457-30568-30818
05 102 0358 2 22644-22763-23002
05 061 0356 2 13827-13933-14183
05 143 0347 2 32125-32222-32472
05 027 0334 2 6356-6505-6690
05 029 0328 2 6957-7094-7285
05 104 0322 2 23252-23502-23574

06 142 0597 3 32127-32224-32474-32724
06 138 0569 3 30456-30533-30783-31025
06 007 0543 3 1446-1566-1816-1989
06 006 0532 2 914-1164-1446
06 140 0514 3 31433-31553-31803-31947
06 132 0500 2 28770-29020-29270
06 008 0500 2 1989-2239-2489
06 145 0451 2 33260-33510-33711
06 092 0447 3 20280-20363-20613-20727
06 054 0434 3 12482-12570-12820-12916
06 139 0408 2 31025-31275-31433
06 146 0384 2 33711-33961-34095
06 034 0379 2 8112-8421-8491
06 022 0358 2 5104-5354-5462
06 121 0333 2 26541-26677-26874
06 109 0327 2 23982-24085-24309
06 023 0326 2 5462-5712-5788
06 134 0320 2 29453-29570-29773
06 032 0310 2 7582-7725-7892
06 074 0306 2 16742-16856-17048

07 008 0622 3 1344-1466-1716-1966
07 147 0585 3 33509-33710-33960-34094
07 009 0575 3 1966-2118-2368-2541
07 146 0536 2 32973-33259-33509
07 010 0500 2 2541-2791-3041
07 118 0453 2 26118-26416-26571
07 094 0422 2 20415-20546-20837
07 021 0388 2 5192-5305-5580
07 126 0387 2 28075-28212-28462
07 105 0357 2 23003-23157-23360
07 093 0351 2 20064-20200-20415
07 101 0345 2 22028-22170-22373
07 049 0340 2 10945-11069-11285
07 114 0339 2 25051-25164-25390
07 123 0329 2 27379-27629-27708
07 022 0322 2 5580-5699-5902
07 060 0321 2 13656-13790-13977
07 052 0309 2 11698-11828-12007
07 129 0306 2 28853-29006-29159

08 018 0575 3 4003-4155-4405-4578
08 152 0536 2 32973-33259-33509
08 019 0500 2 4578-4828-5078
08 017 0500 2 3503-3753-4003
08 011 0459 2 2098-2246-2557
08 147 0394 2 31552-31802-31946
08 124 0392 2 26417-26570-26809
08 154 0384 2 33710-33960-34094
08 127 0369 2 27235-27389-27604
08 149 0347 2 32126-32223-32473
08 066 0340 2 14231-14366-14571
08 101 0329 2 21559-21650-21888
08 094 0310 2 19878-20021-20188
08 138 0307 2 29592-29726-29899
08 087 0307 2 18385-18532-18692

09 015 0575 3 3116-3268-3518-3691
09 151 0536 2 32972-33258-33508
09 016 0500 2 3691-3941-4191
09 014 0500 2 2616-2866-3116
09 125 0436 2 26779-26924-27215
09 146 0390 2 31551-31801-31941
09 153 0384 2 33709-33959-34093
09 148 0365 2 32107-32222-32472
09 132 0358 2 28271-28342-28629
09 078 0355 2 16553-16705-16908
09 133 0351 2 28629-28730-28980
09 083 0316 2 17849-17950-18165
09 041 0315 2 8999-9101-9314
09 085 0310 2 18343-18450-18653

10 003 0543 3 690-810-1060-1233
10 159 0536 2 32973-33259-33509
10 002 0532 2 158-408-690
10 004 0500 2 1233-1483-1733
10 161 0384 2 33710-33960-34094
10 123 0332 2 25581-25735-25913
10 042 0327 2 9242-9360-9569
10 035 0324 2 7641-7731-7965
10 047 0309 2 10366-10473-10675

11 019 0686 3 4338-4588-4838-5024
11 064 0640 3 15458-15598-15848-16098
11 139 0621 3 33473-33710-33960-34094
11 129 0574 3 30118-30231-30481-30692
11 138 0500 2 32973-33223-33473
11 016 0500 2 3263-3513-3763
11 035 0435 2 8212-8349-8647
11 021 0412 2 5233-5346-5645
11 133 0394 2 31552-31802-31946
11 132 0394 2 31158-31264-31552
11 126 0391 2 29382-29527-29773
11 102 0388 2 23880-23981-24268
11 026 0375 2 6387-6531-6762
11 015 0373 2 2890-3140-3263
11 017 0364 2 3763-3877-4127
11 071 0356 2 17362-17474-17718
11 135 0347 2 32126-32223-32473
11 057 0334 2 13624-13874-13958
11 040 0333 2 9699-9830-10032
11 050 0321 2 12089-12196-12410
11 039 0318 2 9381-9527-9699
11 061 0310 2 14734-14850-15044
11 065 0309 2 16098-16252-16407
11 041 0309 2 10032-10174-10341

12 125 0711 4 28143-28253-28503-28753-28854
12 041 0647 4 9410-9481-9731-9981-10057
12 011 0622 3 2206-2328-2578-2828
12 012 0575 3 2828-2980-3230-3403
12 013 0500 2 3403-3653-3903
12 144 0500 2 32973-33223-33473
12 139 0473 3 31473-31552-31802-31946
12 088 0466 3 19598-19736-19986-20064
12 146 0384 2 33710-33960-34094
12 001 0357 2 0-83-357
12 141 0347 2 32126-32223-32473
12 094 0345 2 21208-21338-21553
12 109 0332 2 24655-24905-24987
12 084 0321 2 18715-18852-19036
12 115 0320 2 26016-26117-26336
12 102 0313 2 23135-23265-23448
12 082 0313 2 18245-18331-18558

13 145 0673 4 32816-32887-33137-33387-33489
13 045 0567 2 10701-10951-11268
13 092 0505 2 21052-21200-21557
13 002 0483 3 200-341-591-683
13 141 0468 2 31724-31974-32192
13 020 0460 2 4541-4791-5001
13 134 0410 2 30088-30397-30498
13 147 0384 2 33711-33961-34095
13 094 0357 2 21717-21824-22074
13 015 0351 2 3229-3341-3580
13 082 0349 2 18931-19054-19280
13 055 0342 2 13041-13133-13383
13 008 0334 2 1556-1711-1890
13 031 0331 2 7354-7453-7685
13 022 0331 2 5157-5285-5488
13 106 0325 2 24410-24544-24735
13 012 0323 2 2485-2617-2808
13 063 0322 2 14852-15001-15174
13 132 0311 2 29606-29730-29917
13 043 0311 2 10199-10313-10510
