01 050 0541 2 10819-11069-11360
01 144 0500 2 33019-33269-33519
01 136 0495 2 30781-31031-31276
01 130 0468 3 29017-29161-29411-29485
01 124 0439 2 27356-27606-27795
01 145 0407 2 33519-33769-33926
01 056 0382 2 12414-12560-12796
01 003 0365 2 372-449-737
01 132 0334 2 29659-29743-29993
01 116 0333 2 25614-25767-25947
01 133 0317 2 29993-30133-30310
01 137 0308 2 31276-31389-31584

02 101 0445 3 22278-22396-22646-22723
02 135 0444 3 30031-30138-30388-30475
02 056 0427 3 11861-11959-12209-12288
02 111 0416 2 24701-24813-25117
02 099 0410 2 21680-21930-22090
02 044 0381 2 8714-8845-9095
02 089 0359 2 19311-19455-19670
02 141 0358 2 31649-31769-32007
02 055 0357 2 11504-11621-11861
02 093 0353 2 20282-20351-20635
02 136 0350 2 30475-30725-30825
02 117 0347 2 26077-26178-26424
02 051 0330 2 10404-10501-10734
02 068 0315 2 14662-14744-14977
02 054 0314 2 11190-11312-11504
02 110 0312 2 24389-24535-24701
02 059 0306 2 12704-12832-13010

03 121 0490 3 27567-27705-27955-28057
03 010 0424 3 1818-1902-2152-2242
03 099 0420 3 22283-22382-22632-22703
03 138 0415 2 31591-31901-32006
03 131 0415 2 30067-30317-30482
03 050 0409 2 10921-11171-11330
03 064 0388 2 14219-14357-14607
03 104 0386 2 23580-23883-23966
03 078 0381 2 17445-17541-17826
03 059 0377 2 13052-13129-13429
03 036 0373 2 7702-7843-8075
03 012 0348 2 2488-2632-2836
03 123 0336 2 28285-28399-28621
03 043 0326 2 9394-9546-9720
03 066 0323 2 14898-15039-15221

04 010 0624 3 1818-1902-2152-2442
04 032 0501 3 7941-8096-8346-8442
04 011 0416 2 2442-2585-2858
04 098 0395 2 22906-23156-23301
04 128 0383 2 29822-29900-30205
04 043 0377 2 10977-11107-11354
04 038 0360 2 9708-9792-10068
04 135 0346 2 31659-31767-32005
04 018 0336 2 4195-4445-4531
04 055 0330 2 13770-14020-14100
04 028 0326 2 6870-7120-7196
04 116 0326 2 27189-27344-27515
04 029 0325 2 7196-7279-7521
04 112 0318 2 26115-26253-26433
04 021 0316 2 5040-5159-5356

05 120 0500 2 27096-27346-27596
05 060 0477 3 13910-14025-14275-14387
05 099 0459 2 22386-22678-22845
05 056 0422 2 12550-12800-12972
05 057 0412 2 12972-13222-13384
05 014 0409 3 2675-2752-3002-3084
05 044 0405 2 9215-9528-9620
05 128 0405 2 29320-29570-29725
05 067 0397 2 15680-15832-16077
05 124 0387 2 28236-28486-28623
05 053 0332 2 11716-11966-12048
05 138 0322 2 31684-31768-32006
05 090 0322 2 20582-20692-20904
05 059 0322 2 13588-13735-13910
05 118 0321 2 26607-26730-26928
05 125 0319 2 28623-28774-28942
05 054 0314 2 12048-12192-12362
05 030 0309 2 6122-6245-6431

06 121 0518 3 28817-28913-29163-29335
06 076 0489 3 17777-17879-18129-18266
06 130 0462 2 31163-31467-31625
06 098 0456 3 23051-23153-23403-23507
06 074 0443 3 17154-17236-17486-17597
06 050 0438 3 11092-11209-11459-11530
06 064 0438 2 14286-14429-14724
06 015 0436 2 2914-3057-3350
06 115 0428 2 27227-27534-27655
06 116 0392 2 27655-27797-28047
06 067 0389 2 15293-15391-15682
06 131 0382 2 31625-31769-32007
06 069 0367 2 15877-16029-16244
06 021 0346 2 4546-4796-4892
06 010 0334 2 1818-1902-2152
06 126 0328 2 30170-30282-30498
06 070 0322 2 16244-16494-16566
06 100 0313 2 23711-23844-24024
06 051 0309 2 11530-11672-11839

07 139 0907 4 33017-33267-33517-33767-33924
07 138 0750 3 32267-32517-32767-33017
07 137 0500 2 31767-32017-32267
07 061 0444 3 13998-14118-14368-14442
07 128 0423 3 29465-29540-29790-29888
07 076 0420 2 17455-17705-17875
07 032 0416 3 7099-7194-7444-7515
07 056 0392 2 12698-12808-13090
07 010 0387 2 1818-1902-2205
07 090 0371 2 20746-20996-21117
07 110 0365 2 25383-25675-25748
07 024 0364 2 5188-5438-5552
07 079 0349 2 18304-18455-18653
07 119 0345 2 27421-27526-27766
07 022 0341 2 4525-4775-4866
07 066 0340 2 15379-15469-15719
07 132 0336 2 30570-30697-30906
07 023 0322 2 4866-5002-5188
07 104 0322 2 23900-23988-24222
07 131 0318 2 30252-30396-30570
07 027 0307 2 5929-6069-6236
07 125 0306 2 28679-28776-28985

08 059 0885 4 15673-15766-16016-16266-16558
08 054 0618 3 14087-14337-14587-14705
08 072 0563 3 19393-19581-19831-19956
08 078 0535 2 21221-21529-21756
08 026 0486 3 6125-6257-6507-6611
08 096 0414 2 25990-26121-26404
08 039 0410 3 9897-9982-10232-10307
08 029 0389 2 7132-7236-7521
08 035 0372 2 8776-8960-9148
08 101 0365 2 27522-27714-27887
08 105 0363 2 28557-28749-28920
08 114 0360 2 30999-31197-31359
08 117 0354 2 31822-31991-32176
08 107 0354 2 29235-29385-29589
08 094 0346 2 25309-25420-25655
08 087 0344 2 23600-23781-23944
08 053 0342 2 13745-13995-14087
08 095 0335 2 25655-25846-25990
08 100 0322 2 27200-27450-27522
08 045 0318 2 11551-11709-11869
08 106 0315 2 28920-29049-29235
08 046 0313 2 11869-12012-12182
08 016 0309 2 3759-3888-4068
08 052 0309 2 13436-13607-13745

09 044 0552 3 11741-11938-12188-12293
09 048 0549 3 13247-13436-13686-13796
09 078 0542 3 21516-21586-21836-22058
09 054 0515 3 15021-15216-15466-15536
09 047 0445 2 12802-12946-13247
09 064 0442 2 18010-18210-18452
09 032 0418 2 8275-8415-8693
09 107 0412 2 29610-29730-30022
09 098 0411 2 27099-27261-27510
09 008 0393 2 1818-1902-2211
09 043 0368 2 11373-11495-11741
09 027 0367 2 6992-7133-7359
09 114 0363 2 31524-31716-31887
09 084 0363 2 23411-23559-23774
09 104 0358 2 28784-28952-29142
09 037 0355 2 9875-10052-10230
09 050 0337 2 14026-14276-14363
09 035 0336 2 9199-9449-9535
09 091 0330 2 25393-25643-25723
09 010 0329 2 2452-2577-2781
09 060 0328 2 16802-16964-17130
09 024 0326 2 6117-6207-6443
09 100 0324 2 27732-27915-28056
09 061 0317 2 17130-17303-17447
09 059 0317 2 16485-16659-16802
09 119 0307 2 32833-32999-33140

10 065 0822 4 18737-18906-19156-19406-19559
10 081 0788 3 23858-24108-24358-24646
10 099 0534 3 29554-29675-29925-30088
10 091 0530 3 27310-27454-27704-27840
10 037 0501 2 10326-10511-10827
10 082 0472 2 24646-24896-25118
10 008 0460 3 1818-1902-2152-2278
10 061 0452 2 17462-17599-17914
10 078 0437 3 22789-22880-23130-23226
10 086 0436 3 25821-25929-26179-26257
10 044 0436 2 12435-12567-12871
10 014 0421 2 3491-3604-3912
10 029 0418 2 7830-8021-8248
10 057 0410 2 16171-16421-16581
10 015 0395 2 3912-4162-4307
10 080 0392 2 23466-23638-23858
10 077 0384 2 22405-22500-22789
10 046 0368 2 13202-13387-13570
10 035 0367 2 9635-9752-10002
10 039 0364 2 11075-11325-11439
10 017 0356 2 4568-4642-4924
10 020 0352 2 5391-5641-5743
10 067 0341 2 19825-19983-20166
10 095 0337 2 28467-28659-28804
10 055 0336 2 15583-15774-15919
10 106 0334 2 31673-31769-32007
10 058 0334 2 16581-16779-16915
10 114 0333 2 33713-33818-34046
10 045 0331 2 12871-13065-13202
10 036 0324 2 10002-10205-10326
10 026 0310 2 6951-7097-7261
10 101 0310 2 30355-30487-30665
10 034 0307 2 9328-9467-9635
10 110 0307 2 32715-32881-33022

11 062 0539 3 17296-17455-17705-17835
11 008 0508 3 1818-1902-2152-2326
11 018 0481 3 4811-4973-5223-5292
11 071 0466 2 19983-20138-20449
11 085 0457 3 24151-24247-24497-24608
11 055 0447 2 15267-15517-15714
11 091 0441 2 26042-26239-26483
11 076 0423 2 21508-21638-21931
11 083 0420 2 23405-23595-23825
11 105 0411 3 29800-29875-30125-30211
11 069 0401 2 19303-19413-19704
11 086 0399 2 24608-24858-25007
11 037 0391 2 10202-10379-10593
11 028 0378 2 7692-7864-8070
11 050 0374 2 13672-13816-14046
11 036 0370 2 9832-10006-10202
11 051 0368 2 14046-14176-14414
11 088 0367 2 25234-25398-25601
11 015 0354 2 3871-4059-4225
11 093 0352 2 26746-26923-27098
11 095 0348 2 27330-27435-27678
11 016 0342 2 4225-4425-4567
11 120 0333 2 33713-33818-34046
11 013 0330 2 3293-3392-3623
11 054 0327 2 14940-15032-15267
11 084 0326 2 23825-24075-24151
11 053 0321 3 14619-14743-14819-14940
11 029 0318 2 8070-8170-8388
11 107 0318 2 30529-30625-30847
11 104 0316 2 29484-29666-29800
11 116 0307 2 32715-32881-33022
11 060 0306 2 16776-16882-17082

12 120 1854 8 31642-31746-31996-32246-32496-32746-32996-33246-33496
12 063 0451 3 16034-16111-16361-16485
12 084 0426 2 21883-22172-22309
12 113 0408 2 29661-29775-30069
12 085 0402 2 22309-22405-22711
12 017 0396 2 4041-4239-4437
12 077 0394 2 19944-20140-20338
12 094 0385 2 24685-24794-25070
12 049 0358 2 12201-12383-12559
12 096 0347 2 25320-25475-25667
12 021 0337 2 5185-5384-5522
12 071 0336 2 18318-18475-18654
12 008 0334 2 1818-1902-2152
12 054 0333 2 13475-13630-13808
12 059 0332 2 14893-15015-15225
12 044 0324 2 10923-11070-11247
12 065 0318 2 16776-16932-17094
12 058 0317 2 14576-14722-14893
12 074 0311 2 19158-19295-19469
12 089 0308 2 23375-23536-23683
12 012 0306 2 2879-3065-3185
