01 145 1518 6 32554-32847-33087-33327-33567-33807-34072
01 045 0556 3 9737-9873-10113-10293
01 022 0528 3 4909-5053-5293-5437
01 087 0487 3 19020-19114-19354-19507
01 103 0472 2 23340-23580-23812
01 098 0447 2 21846-22133-22293
01 089 0408 3 19663-19759-19999-20071
01 004 0389 2 635-917-1024
01 005 0363 2 1024-1096-1387
01 126 0360 2 28422-28500-28782
01 085 0359 2 18351-18436-18710
01 013 0352 2 2711-2827-3063
01 073 0350 2 15901-16141-16251
01 002 0323 2 139-287-462
01 091 0319 2 20365-20513-20684
01 131 0318 2 29678-29822-29996
01 101 0317 2 22705-22854-23022
01 016 0311 2 3567-3701-3878
01 086 0310 2 18710-18854-19020
01 127 0309 2 28782-28875-29091

02 002 0577 2 212-517-789
02 101 0534 3 22530-22626-22866-23064
02 084 0480 3 18621-18741-18981-19101
02 136 0425 2 30902-31171-31327
02 027 0394 2 5757-5911-6151
02 128 0388 2 28925-29049-29313
02 143 0381 2 33087-33327-33468
02 038 0371 2 8438-8577-8809
02 142 0364 2 32723-32963-33087
02 028 0360 2 6151-6391-6511
02 137 0358 2 31327-31567-31685
02 078 0348 2 17202-17322-17550
02 022 0339 2 4530-4659-4869
02 069 0336 2 15151-15283-15487
02 122 0335 2 27366-27503-27701
02 064 0316 2 14045-14197-14361
02 104 0312 2 23518-23650-23830
02 062 0308 2 13521-13633-13829

03 016 1224 5 3537-3825-4065-4305-4545-4761
03 015 0617 3 2920-3213-3453-3537
03 032 0528 3 8359-8479-8719-8887
03 134 0424 2 30902-31171-31326
03 112 0398 2 26177-26417-26575
03 047 0397 2 12337-12577-12734
03 046 0396 2 11941-12061-12337
03 028 0391 2 7349-7621-7740
03 018 0374 2 5000-5110-5374
03 140 0364 2 32722-32962-33086
03 135 0358 2 31326-31566-31684
03 141 0344 2 33086-33326-33430
03 037 0336 2 9767-9873-10103
03 045 0336 2 11605-11845-11941
03 086 0335 2 20547-20645-20882
03 042 0324 2 10835-11075-11159
03 108 0315 2 25350-25452-25665
03 128 0312 2 29609-29753-29921
03 020 0308 2 5686-5824-5994
03 103 0308 2 24171-24323-24479

04 149 0581 3 33086-33326-33566-33667
04 111 0512 3 23740-23850-24090-24252
04 142 0505 3 30821-30930-31170-31326
04 033 0408 2 6816-6960-7224
04 059 0401 2 12878-13118-13279
04 109 0384 2 23163-23283-23547
04 029 0378 2 5894-6032-6272
04 148 0364 2 32722-32962-33086
04 143 0358 2 31326-31566-31684
04 123 0354 2 26600-26750-26954
04 080 0348 2 17216-17288-17564
04 067 0332 2 14616-14712-14948
04 115 0314 2 24888-24986-25202
04 042 0309 2 9025-9151-9334

05 090 0612 2 20026-20344-20638
05 041 0591 3 8879-9119-9359-9470
05 123 0543 3 28507-28636-28876-29050
05 039 0476 3 8214-8336-8576-8690
05 031 0441 2 6452-6692-6893
05 022 0435 2 4258-4389-4693
05 063 0421 2 14215-14455-14636
05 091 0402 2 20638-20878-21040
05 043 0396 2 9845-9941-10241
05 141 0394 2 33086-33326-33480
05 116 0384 2 26885-27029-27269
05 102 0378 2 23414-23654-23792
05 042 0375 2 9470-9710-9845
05 140 0364 2 32722-32962-33086
05 062 0360 2 13855-14095-14215
05 135 0358 2 31326-31566-31684
05 057 0357 2 12676-12769-13033
05 029 0356 2 5892-6038-6248
05 059 0346 2 13195-13435-13541
05 069 0318 2 15614-15700-15932
05 101 0306 2 23108-23180-23414

06 018 0693 3 3387-3627-3867-4080
06 133 0575 3 33087-33327-33567-33662
06 056 0574 3 14155-14395-14635-14729
06 023 0495 3 4970-5054-5294-5465
06 054 0482 3 13255-13351-13591-13737
06 025 0457 3 5739-5832-6072-6196
06 059 0432 2 15209-15449-15641
06 052 0421 2 12581-12734-13002
06 055 0418 2 13737-13977-14155
06 116 0414 2 28372-28498-28786
06 126 0398 2 30929-31169-31327
06 132 0364 2 32723-32963-33087
06 070 0362 2 17937-18079-18299
06 103 0361 2 25270-25407-25631
06 127 0358 2 31327-31567-31685
06 062 0358 2 16143-16383-16501
06 048 0356 2 11512-11652-11868
06 061 0344 2 15799-16039-16143
06 089 0343 2 22082-22322-22425
06 072 0342 2 18496-18736-18838
06 033 0336 2 7799-7895-8135
06 041 0332 2 9945-10092-10277
06 119 0324 2 29275-29515-29599
06 021 0312 2 4430-4568-4742

07 148 0601 3 33471-33711-33951-34072
07 034 0468 2 7054-7294-7522
07 140 0424 2 30903-31171-31327
07 033 0420 3 6634-6730-6970-7054
07 063 0407 2 13636-13876-14043
07 129 0398 2 28421-28541-28819
07 147 0384 2 33087-33327-33471
07 072 0384 2 15754-15994-16138
07 146 0364 2 32723-32963-33087
07 048 0364 2 10346-10498-10710
07 080 0360 2 17780-17876-18140
07 141 0358 2 31327-31567-31685
07 076 0357 2 16740-16893-17097
07 079 0349 2 17431-17570-17780
07 036 0336 2 7711-7836-8047
07 104 0314 2 23066-23184-23380
07 056 0308 2 12069-12217-12377

08 143 0596 3 33383-33623-33863-33979
08 088 0531 3 18431-18578-18818-18962
08 129 0504 2 29308-29624-29812
08 109 0480 3 23910-23994-24234-24390
08 108 0442 2 23468-23708-23910
08 119 0440 3 26315-26431-26671-26755
08 046 0422 3 9661-9753-9993-10083
08 135 0414 2 30914-31170-31328
08 036 0408 2 7163-7283-7571
08 038 0397 2 7768-8008-8165
08 099 0389 2 21293-21371-21682
08 124 0388 2 27910-28150-28298
08 141 0364 2 32724-32964-33088
08 136 0358 2 31328-31568-31686
08 121 0345 2 26971-27088-27316
08 102 0337 2 22156-22273-22493
08 030 0332 2 5820-5972-6152
08 098 0328 2 20965-21205-21293
08 118 0327 2 25988-26103-26315
08 125 0306 2 28298-28439-28604

09 144 0516 2 33453-33693-33969
09 115 0474 3 25917-26055-26295-26391
09 086 0452 2 19160-19400-19612
09 026 0445 2 5533-5673-5978
09 134 0425 2 30422-30695-30847
09 045 0408 2 10017-10149-10425
09 117 0400 2 26727-26967-27127
09 079 0393 2 17455-17548-17848
09 047 0384 2 10617-10763-11001
09 041 0372 2 8918-9158-9290
09 140 0366 2 32243-32483-32609
09 029 0365 2 6381-6665-6746
09 135 0358 2 30847-31087-31205
09 087 0353 2 19612-19852-19965
09 091 0340 2 20509-20617-20849
09 056 0340 2 12540-12780-12880
09 116 0336 2 26391-26463-26727
09 022 0334 2 4407-4517-4741
09 141 0333 2 32609-32849-32942
09 109 0317 2 24376-24454-24693
09 024 0306 2 5035-5127-5341

10 126 0831 4 28755-28899-29139-29379-29586
10 077 0672 3 16440-16680-16920-17112
10 141 0661 4 33327-33407-33647-33887-33988
10 120 0480 2 27110-27350-27590
10 080 0480 2 17502-17742-17982
10 057 0421 3 11774-11862-12102-12195
10 096 0402 2 21226-21346-21628
10 133 0397 2 30930-31170-31327
10 019 0384 2 3535-3631-3919
10 097 0366 2 21628-21724-21994
10 139 0364 2 32723-32963-33087
10 093 0360 2 20386-20512-20746
10 134 0358 2 31327-31567-31685
10 058 0311 2 12195-12342-12506
10 125 0306 2 28449-28593-28755

11 141 0744 3 32609-32849-33089-33353
11 119 0636 3 26607-26739-26979-27243
11 121 0474 2 27567-27807-28041
11 064 0463 3 13558-13684-13924-14021
11 108 0456 2 23712-23856-24168
11 033 0451 2 6266-6577-6717
11 143 0448 2 33532-33772-33980
11 111 0435 2 24629-24869-25064
11 056 0420 2 11749-11989-12169
11 075 0372 2 16081-16189-16453
11 140 0366 2 32243-32483-32609
11 135 0358 2 30847-31087-31205
11 095 0338 2 20579-20692-20917
11 029 0336 2 5317-5464-5653
11 088 0336 2 19125-19273-19461
11 120 0324 2 27243-27351-27567
11 097 0324 2 21133-21217-21457
11 085 0323 2 18416-18536-18739
11 034 0315 2 6717-6837-7032
11 048 0312 2 9882-9993-10194
11 122 0312 2 28041-28185-28353

12 148 0891 4 33087-33327-33567-33807-33978
12 114 0516 2 24732-24972-25248
12 041 0512 2 8223-8495-8735
12 073 0470 2 15147-15387-15617
12 091 0420 2 18941-19181-19361
12 141 0397 2 30930-31170-31327
12 036 0378 2 7088-7328-7466
12 109 0376 2 23439-23679-23815
12 147 0364 2 32723-32963-33087
12 142 0358 2 31327-31567-31685
12 093 0348 2 19576-19816-19924
12 107 0315 2 22938-23057-23253
12 126 0313 2 27533-27653-27846
12 098 0308 2 20872-20980-21180
12 034 0306 2 6599-6689-6905

13 070 0720 4 15738-15834-16074-16314-16458
13 040 0651 3 8274-8514-8754-8925
13 107 0620 3 26171-26411-26651-26791
13 073 0497 3 17294-17438-17678-17791
13 056 0467 3 12154-12283-12523-12621
13 100 0462 3 23954-24079-24319-24416
13 072 0457 2 16837-16979-17294
13 087 0448 2 20684-20924-21132
13 094 0432 2 22405-22723-22837
13 042 0415 2 9133-9373-9548
13 127 0397 2 30930-31170-31327
13 071 0379 2 16458-16606-16837
13 038 0367 2 7652-7892-8019
13 133 0364 2 32723-32963-33087
13 078 0359 2 18702-18942-19061
13 128 0358 2 31327-31567-31685
13 135 0348 2 33327-33469-33675
13 101 0338 2 24416-24550-24754
13 112 0334 2 27640-27880-27974
13 105 0330 2 25577-25721-25907
13 102 0324 2 24754-24883-25078
13 115 0317 2 28402-28509-28719
13 103 0316 2 25078-25154-25394
13 034 0308 2 6722-6868-7030
13 063 0306 2 13908-14022-14214
